#Photometric Data (original 1264 rows)   Sung+2002
#
# available at 
# http://vizier.u-strasbg.fr/viz-bin/VizieR-3?-source=J/AJ/123/290/table1&-c=ngc%202516&-c.u=arcmin&-c.r=2&-c.eq=J2000&-c.geom=r&-out.max=50&-out.form=HTML%20Table&-out.add=_r&-out.add=_RAJ,_DEJ&-sort=_r&-oc.form=sexa
#
# Constraints: Prob<0|null
# 1251 lines selected
# 999'filled
#
# SBL   Vmag     B-V     U-B    e_V  e_B-V  e_U-B  Prob  SpType   
#        mag     mag     mag    mag    mag    mag  
# 
 594  10.365   0.394   0.117  0.011  0.019  0.016   0.99  F0V     
 485   9.195   0.051  -0.142  0.012  0.013  0.009   0.97  B9pshell
 327   9.242   0.091   0.020  0.014  0.015  0.014   0.99  B9V     
 420   8.712   0.079  -0.102  0.018  0.019  0.007  99.99  B9V     
 753   8.529   0.009  -0.128  0.027  0.001  0.012   0.99  B9V     
 160   8.740   0.083  -0.244  0.016  0.016  0.039   0.99  B8p     
  34  10.104   0.177   0.105  0.012  0.013  0.018   0.99  B8.5IV-V
 166   8.428   0.073  -0.213  0.019  0.020  0.008   0.99  B8.5IV  
 772  10.573   0.322   0.114  0.022  0.003  0.006   0.99  A8V     
 888  10.838   0.277   0.108  0.008  0.014  0.011   0.99  A8V     
 936  10.877   0.266   0.150  0.049  0.011  0.008   0.99  A8V     
1106  10.804   0.318   0.149  0.019  0.022  0.015   0.99  A7V     
 174  10.810   0.343   0.181  0.015  0.017  0.009   0.99  A7III   
 524  10.870   0.318   0.182  0.015  0.018  0.010   0.99  A7III   
 801  10.312   0.419   0.108  0.004  0.001  0.010   0.99  A7III   
 480  10.604   0.241   0.179  0.001  0.010  0.001   0.99  A3V     
 768  10.348   0.180   0.144  0.013  0.016  0.011   0.99  A3V     
 795  10.552   0.282   0.159  0.024  0.008  0.005   0.99  A3V     
 649   9.476   0.191   0.166  0.018  0.003  0.009   0.94  A2Vp    
 322  10.167   0.183   0.141  0.010  0.014  0.013   0.98  A2V     
 452  10.148   0.157   0.126  0.011  0.014  0.014   0.99  A2V     
 565   9.841   0.195   0.153  0.009  0.013  0.009   0.99  A2V     
 680   9.684   0.208   0.149  0.029  0.005  0.007   0.99  A2V     
1080   9.611   0.242   0.147  0.022  0.027  0.017   0.99  A2V     
 152   8.281   0.013  -0.265  0.021  0.022  0.205   0.99  A2IV    
 786  10.471   0.225   0.172  0.014  0.015  0.005   0.99  A1Vm    
 128   9.957   0.129   0.128  0.012  0.014  0.008   0.99  A1V     
 388   9.891   0.179   0.144  0.007  0.010  0.012   0.99  A1V     
 564   9.375   0.060   0.030  0.002  0.002  0.005   0.99  A1V     
 733   9.394   0.076   0.024  0.009  0.011  0.014   0.99  A1V     
 803   9.665   0.090   0.092  0.024  0.006  0.012   0.97  A1V     
 830   9.411   0.155   0.145  0.012  0.016  0.015   0.99  A1V     
 897   9.794   0.179   0.074  0.009  0.013  0.011   0.99  A1V     
 993   9.936   0.123   0.132  0.033  0.006  0.002   0.99  A1V     
1145  10.259   0.135   0.125  0.014  0.019  0.021   0.99  A1V     
 602   8.855   0.079  -0.241  0.015  0.018  0.011   0.99  A0p     
1015   9.177   0.004  -0.177  0.043  0.006  0.005   0.99  A0p     
1040   9.854   0.045   0.045  0.115  0.009  0.010   0.99  A0p     
 216   9.650   0.139   0.069  0.002  0.005  0.002   0.99  A0V     
 290   9.419   0.060  -0.007  0.014  0.015  0.013   0.99  A0V     
 400   9.127   0.099   0.094  0.018  0.023  0.018   0.99  A0V     
 464   9.395   0.031   0.025  0.013  0.018  0.014   0.99  A0V     
 514   9.632   0.071   0.048  0.010  0.013  0.011   0.99  A0V     
 570   8.960   0.095   0.060  0.009  0.011  0.024   0.99  A0V     
 763   9.738   0.098   0.083  0.031  0.012  0.013   0.99  A0V     
 828   9.607   0.073   0.055  0.016  0.023  0.016   0.99  A0V     
 882   9.559   0.096   0.010  0.011  0.018  0.015   0.99  A0V     
 886   9.528   0.079   0.010  0.016  0.021  0.015   0.99  A0V     
1212   9.888   0.106   0.034  0.021  0.024  0.013  99.99  A0V     
 438   8.724   0.072  -0.082  0.018  0.019  0.009   0.99  A0IV-V  
 507   9.552   0.092   0.035  0.008  0.009  0.009   0.99  A0IV    
   1  13.474   0.573   0.115  0.003  0.006  0.006  99.99          
   2  14.262   0.603   0.062  0.003  0.010  0.019  99.99          
   3  14.446   0.673   0.143  0.000  0.001  0.005  99.99          
   4  16.591   0.622  -0.013  0.008  0.008  0.024  99.99          
   5  16.397   0.654   0.035  0.019  0.019  0.044  99.99          
   6  16.443   0.726   0.127  0.000  0.004  0.027  99.99          
   7  14.701   0.745   0.179  0.001  0.004  0.011  99.99          
   9  15.136   0.707   0.126  0.009  0.009  0.012  99.99          
  10  13.853   1.051   0.653  0.002  0.006  0.022  99.99          
  11  15.934   0.753   0.106  0.005  0.005  0.015  99.99          
  12  16.232   0.842   0.334  0.004  0.004  0.022  99.99          
  13  15.868   0.696   0.026  0.004  0.005  0.020  99.99          
  14  16.931   0.936   0.450  0.035  0.037  0.053  99.99          
  15  12.873   0.681   0.126  0.008  0.009  0.009  99.99          
  16  13.305   1.337   1.484  0.000  0.002  0.011  99.99          
  17  13.479   0.650   0.143  0.008  0.008  0.001  99.99          
  18  12.844   0.774   0.297  0.006  0.006  0.007  99.99          
  19  16.854   1.045   0.625  0.001  0.012  0.060  99.99          
  20  16.889   0.897   0.531  0.004  0.012  0.056  99.99          
  21  16.822   0.940   0.526  0.014  0.023  0.047  99.99          
  22  15.597   1.113   0.990  0.013  0.014  0.032  99.99          
  23  15.551   0.678   0.107  0.000  0.003  0.013  99.99          
  24  14.569   0.617   0.127  0.008  0.009  0.011  99.99          
  25  14.029   0.532   0.052  0.002  0.002  0.008  99.99          
  26  16.720   1.110   0.720  0.006  0.013  0.058  99.99          
  27  14.586   0.988   0.669  0.002  0.002  0.011  99.99          
  28  12.232   1.636   2.014  0.000  0.001  0.011  99.99          
  29  14.910   1.038   0.790  0.005  0.010  0.018  99.99          
  30  14.601   1.158   0.864  0.005  0.011  0.020  99.99          
  31  13.603   0.815   0.333  0.003  0.003  0.004  99.99          
  32  16.419   0.677   0.125  0.003  0.004  0.026  99.99          
  33  14.478   1.207   1.137  0.002  0.002  0.019  99.99          
  35  16.865   0.769   0.171  0.017  0.018  0.036  99.99          
  36  15.290   0.658   0.069  0.015  0.017  0.014  99.99          
  37  16.703   0.955   0.564  0.001  0.014  0.051  99.99          
  38  14.647   1.036   0.592  0.004  0.004  0.013  99.99          
  39  15.800   0.864   0.492  0.012  0.014  0.021  99.99          
  40  16.841   1.005   0.711  0.004  0.024  0.065  99.99          
  41  16.089   0.476   0.074  0.004  0.005  0.016  99.99          
  42  15.165   1.106   0.942  0.001  0.002  0.022  99.99          
  43  16.179   0.993   0.509  0.017  0.017  0.030  99.99          
  44  10.591   0.261   0.172  0.009  0.013  0.009   0.99          
  45  12.492   0.600   0.065  0.001  0.004  0.004  99.99          
  46  14.285   0.927   0.522  0.005  0.007  0.011  99.99          
  47  16.928   0.914   0.305  0.035  0.036  0.036  99.99          
  48  16.830   0.840   0.336  0.007  0.026  0.042  99.99          
  49  16.307   1.372   1.306  0.002  0.010  0.088  99.99          
  50  16.912   0.775   0.054  0.014  0.018  0.033  99.99          
  51  15.363   0.682   0.103  0.012  0.013  0.010  99.99          
  52  13.497   0.912   0.583  0.002  0.002  0.007  99.99          
  53  13.050   0.838   0.431  0.004  0.005  0.004  99.99          
  54  15.707   0.740   0.142  0.010  0.013  0.015  99.99          
  55  16.096   1.473   1.114  0.018  0.019  0.072  99.99          
  56  16.943   0.840   0.278  0.006  0.012  0.041  99.99          
  57  11.278   0.412   0.079  0.014  0.024  0.020   0.96          
  58  16.258   0.724   0.160  0.017  0.019  0.018  99.99          
  59  11.980   0.529   0.055  0.008  0.008  0.001  99.99          
  60  16.082   0.776   0.151  0.007  0.007  0.021  99.99          
  61  16.168   0.757   0.170  0.012  0.014  0.021  99.99          
  62  16.789   0.785   0.190  0.012  0.013  0.029  99.99          
  63  15.900   0.741   0.191  0.012  0.012  0.020  99.99          
  64  16.987   0.621   0.026  0.004  0.004  0.034  99.99          
  65  14.968   0.671   0.130  0.005  0.006  0.010  99.99          
  66  16.417   0.404   0.092  0.004  0.021  0.026  99.99          
  67  15.773   0.871   0.424  0.006  0.007  0.019  99.99          
  68  16.860   0.825   0.516  0.007  0.013  0.053  99.99          
  69  15.897   0.887   0.475  0.004  0.007  0.028  99.99          
  70  15.577   0.867   0.392  0.016  0.017  0.020  99.99          
  71  15.918   0.995   0.526  0.016  0.016  0.026  99.99          
  72  11.681   0.512   0.014  0.020  0.024  0.015   0.99          
  73  10.110   0.173   0.154  0.016  0.019  0.011   0.99          
  74  16.525   1.244   1.153  0.003  0.012  0.094  99.99          
  75  11.978   0.538   0.025  0.006  0.008  0.011  99.99          
  76  14.892   0.622   0.155  0.011  0.011  0.010  99.99          
  77  15.767   0.851   0.428  0.011  0.012  0.018  99.99          
  78  16.404   0.902   0.342  0.001  0.007  0.029  99.99          
  79  16.539   0.688   0.072  0.022  0.022  0.027  99.99          
  80  14.367   0.623   0.069  0.012  0.012  0.015  99.99          
  81  11.276   0.643   0.134  0.016  0.018  0.010  99.99          
  82  13.339   0.866   0.515  0.000  0.001  0.003  99.99          
  83  16.468   0.848   0.208  0.015  0.016  0.036  99.99          
  84  10.655   0.263   0.161  0.007  0.011  0.008   0.99          
  85  14.641   0.699   0.123  0.003  0.011  0.013  99.99          
  86  15.907   1.227   1.022  0.003  0.004  0.042  99.99          
  87  16.620   0.756   0.248  0.003  0.019  0.037  99.99          
  88  16.882   0.767   0.240  0.006  0.019  0.040  99.99          
  89  14.823   1.064   0.741  0.006  0.009  0.020  99.99          
  90  15.450   0.764   0.008  0.008  0.012  0.015  99.99          
  91  15.569   1.137   1.005  0.008  0.012  0.034  99.99          
  92  15.625   1.009   0.673  0.007  0.015  0.032  99.99          
  93  15.665   0.849   0.395  0.005  0.015  0.023  99.99          
  94  16.606   0.747   0.115  0.010  0.010  0.034  99.99          
  95  16.671   0.702   0.074  0.000  0.010  0.031  99.99          
  96  16.082   0.839   0.387  0.004  0.005  0.024  99.99          
  97  12.346   1.170   0.925  0.004  0.004  0.004  99.99          
  98  16.013   0.766   0.111  0.004  0.004  0.021  99.99          
  99  16.569  99.999  99.999  0.034 99.999 99.999  99.99          
 100  16.618   0.735   0.135  0.039  0.039  0.030  99.99          
 101  14.186   1.346   1.534  0.002  0.008  0.024  99.99          
 102  16.866   1.137   1.014  0.016  0.020  0.098  99.99          
 103  15.060   0.629   0.096  0.011  0.012  0.011  99.99          
 104  16.539   0.875   0.414  0.046  0.048  0.047  99.99          
 105  14.668   1.111   1.040  0.012  0.013  0.023  99.99          
 106  12.271   0.563   0.050  0.006  0.014  0.012  99.99          
 107  15.682   0.602   0.087  0.002  0.008  0.016  99.99          
 108  16.853   1.227   1.313  0.014  0.021  0.102  99.99          
 109  16.009   0.994   0.750  0.003  0.006  0.033  99.99          
 110  14.943   0.647   0.063  0.013  0.016  0.013  99.99          
 111  15.835   0.801   0.308  0.003  0.007  0.018  99.99          
 112  16.233   0.804   0.292  0.003  0.006  0.030  99.99          
 113  16.416   0.778   0.132  0.008  0.014  0.028  99.99          
 114  13.047   0.679   0.147  0.002  0.002  0.002  99.99          
 115  12.342   0.691   0.168  0.002  0.002  0.003  99.99          
 116  14.937   0.806   0.280  0.000  0.002  0.012  99.99          
 117  15.592   0.803   0.257  0.019  0.020  0.016  99.99          
 118  15.272   0.768   0.229  0.002  0.017  0.023  99.99          
 119  10.882   0.334   0.110  0.009  0.014  0.011   0.99          
 120  13.916   0.642   0.075  0.001  0.006  0.007  99.99          
 121  15.789   0.873   0.369  0.012  0.014  0.024  99.99          
 122  14.129   1.052   0.896  0.010  0.012  0.013  99.99          
 123  16.004   0.660   0.104  0.000  0.006  0.017  99.99          
 124  14.494   0.679   0.135  0.000  0.009  0.009  99.99          
 125  15.470   1.082   0.900  0.003  0.008  0.036  99.99          
 126  16.692   0.667   0.037  0.000  0.033  0.040  99.99          
 127  15.968   0.731   0.112  0.002  0.010  0.022  99.99          
 129  16.741   0.968   0.500  0.010  0.014  0.051  99.99          
 130  15.044   0.957   0.690  0.004  0.004  0.016  99.99          
 131  16.318   0.772   0.198  0.009  0.014  0.026  99.99          
 132  14.231   0.746   0.238  0.009  0.010  0.012  99.99          
 133  14.527   0.709   0.164  0.008  0.008  0.010  99.99          
 134  16.662   0.600   0.033  0.034  0.035  0.029  99.99          
 135  16.208   0.768   0.229  0.016  0.021  0.028  99.99          
 138  13.702   0.669   0.162  0.002  0.003  0.004  99.99          
 139  16.989   0.781   0.200  0.015  0.018  0.039  99.99          
 140  16.769   0.969   0.527  0.001  0.012  0.054  99.99          
 141  13.571   0.777   0.280  0.005  0.005  0.002  99.99          
 142  11.628   0.448  99.999  0.005  0.014 99.999  99.99          
 143  16.948   0.652   0.007  0.029  0.029  0.036  99.99          
 144  15.650   0.937   0.883  0.002  0.005  0.298  99.99          
 145  14.664   0.790   0.386  0.005  0.006  0.011  99.99          
 146  15.714   0.740   0.174  0.008  0.010  0.015  99.99          
 147  16.466   0.738   0.159  0.007  0.013  0.028  99.99          
 148  15.545   0.702   0.173  0.008  0.009  0.018  99.99          
 149  15.633   1.147   0.934  0.004  0.008  0.040  99.99          
 150  16.200   1.195   1.133  0.009  0.013  0.058  99.99          
 151  12.410   0.605   0.110  0.009  0.011  0.006  99.99          
 153  15.162   0.766   0.260  0.004  0.008  0.014  99.99          
 154  16.856   0.816   0.338  0.012  0.015  0.046  99.99          
 155  12.890   1.211   1.189  0.007  0.007  0.012  99.99          
 156  14.235   0.662   0.147  0.001  0.010  0.013  99.99          
 157  15.716   0.618   0.150  0.002  0.002  0.008  99.99          
 158  16.257   0.800   0.291  0.003  0.008  0.027  99.99          
 159  15.336   0.672   0.016  0.000  0.002  0.010  99.99          
 161  16.281   1.297   1.105  0.009  0.010  0.071  99.99          
 162  16.698   0.786   0.176  0.004  0.004  0.027  99.99          
 163  16.470   0.728   0.185  0.015  0.017  0.030  99.99          
 164  15.116   0.572   0.065  0.006  0.006  0.008  99.99          
 165  16.157   1.025   0.739  0.003  0.025  0.047  99.99          
 167  14.824   0.660   0.068  0.001  0.006  0.010  99.99          
 168  16.407   0.839   0.259  0.035  0.036  0.032  99.99          
 169  16.825   0.806   0.272  0.013  0.016  0.037  99.99          
 170  15.430   1.255   1.016  0.006  0.009  0.005  99.99          
 171  16.997   1.049   0.886  0.003  0.011  0.078  99.99          
 172  14.443   0.971   0.559  0.006  0.009  0.015  99.99          
 173  16.596   0.861   0.353  0.006  0.010  0.035  99.99          
 175  16.747   0.923   0.552  0.016  0.020  0.049  99.99          
 176  15.325   1.134   1.029  0.008  0.014  0.028  99.99          
 177  15.972   0.913   0.493  0.004  0.011  0.030  99.99          
 178  14.638   1.233   1.187  0.003  0.005  0.021  99.99          
 179  14.311   0.924   0.562  0.007  0.007  0.009  99.99          
 180  12.235   0.564   0.068  0.003  0.005  0.004  99.99          
 181  16.159   0.859   0.380  0.005  0.007  0.030  99.99          
 182  16.590   0.717   0.121  0.014  0.026  0.035  99.99          
 183  16.701   0.926   0.504  0.005  0.011  0.045  99.99          
 184  15.299   0.802   0.452  0.009  0.010  0.016  99.99          
 185  16.750   0.693   0.082  0.022  0.024  0.037  99.99          
 186  16.117   0.658   0.051  0.002  0.002  0.016  99.99          
 187  14.435   0.805   0.260  0.003  0.004  0.009  99.99          
 188  15.991   0.916   0.571  0.001  0.001  0.028  99.99          
 189  15.295   0.637   0.071  0.004  0.008  0.013  99.99          
 190  16.516   0.800   0.287  0.002  0.008  0.030  99.99          
 191  16.346   0.704   0.195  0.002  0.006  0.022  99.99          
 192  16.693   0.804   0.206  0.004  0.009  0.033  99.99          
 193  14.638   1.155   0.920  0.003  0.003  0.020  99.99          
 194  15.607   0.993   0.550  0.006  0.008  0.025  99.99          
 195  15.936   0.888   0.383  0.004  0.004  0.020  99.99          
 196  12.361   1.066   0.840  0.001  0.002  0.002  99.99          
 197  16.327   0.996   0.543  0.001  0.007  0.034  99.99          
 198  11.557   0.530   0.092  0.020  0.021  0.005  99.99          
 199  15.023   1.032   0.700  0.001  0.003  0.019  99.99          
 200  15.193   1.107   0.848  0.000  0.003  0.021  99.99          
 201  16.766   0.741   0.193  0.000  0.010  0.030  99.99          
 202  15.128   0.761   0.195  0.009  0.010  0.012  99.99          
 203  15.535   0.869   0.428  0.014  0.015  0.019  99.99          
 204  15.489   0.781   0.212  0.000  0.013  0.018  99.99          
 205  15.957   0.918   0.402  0.001  0.005  0.032  99.99          
 206  15.265   0.749   0.219  0.004  0.006  0.014  99.99          
 207  15.305   0.846   0.295  0.009  0.009  0.015  99.99          
 208  14.952   0.632   0.077  0.004  0.004  0.009  99.99          
 209  16.406   1.283   0.899  0.002  0.008  0.057  99.99          
 210  16.868   0.796   0.214  0.004  0.011  0.029  99.99          
 211  16.515   1.055   0.675  0.008  0.012  0.051  99.99          
 212  15.618   0.984   0.669  0.001  0.005  0.007  99.99          
 213  14.461   0.860   0.425  0.001  0.002  0.009  99.99          
 214  16.417   0.860   0.484  0.012  0.013  0.037  99.99          
 215  16.368   0.761   0.264  0.014  0.031  0.042  99.99          
 217  15.655   0.910   0.475  0.003  0.007  0.023  99.99          
 218  16.497   1.328   1.054  0.010  0.015  0.071  99.99          
 219  15.989   0.684   0.190  0.018  0.018  0.023  99.99          
 220  14.380   0.132   0.067  0.007  0.012  0.012  99.99          
 221  15.866   0.988   0.489  0.009  0.011  0.028  99.99          
 222  16.778   0.665   0.094  0.004  0.010  0.031  99.99          
 223  16.513   0.750   0.158  0.007  0.008  0.025  99.99          
 224  16.839   0.730   0.193  0.012  0.014  0.030  99.99          
 225  16.561   0.815   0.382  0.005  0.008  0.032  99.99          
 226  15.938   0.845   0.458  0.005  0.011  0.029  99.99          
 227  14.361   0.948   0.590  0.006  0.007  0.009  99.99          
 228  15.937   0.800   0.274  0.012  0.013  0.022  99.99          
 229  15.684   1.205   1.122  0.003  0.003  0.042  99.99          
 230  16.925   0.791   0.173  0.007  0.011  0.038  99.99          
 231  14.011   0.866   0.420  0.002  0.004  0.009  99.99          
 232  15.224   1.118   0.978  0.005  0.016  0.029  99.99          
 233  16.638   0.890   0.568  0.007  0.008  0.046  99.99          
 234  15.671   0.716   0.191  0.000  0.010  0.019  99.99          
 235  16.959   1.480  99.999  0.001  0.014 99.999  99.99          
 236  16.845   0.850   0.449  0.012  0.013  0.054  99.99          
 237  15.774   1.002   0.722  0.004  0.006  0.023  99.99          
 238  16.561   0.828   0.322  0.004  0.004  0.033  99.99          
 239  12.694   0.638   0.103  0.008  0.009  0.004  99.99          
 240  11.391   0.191  -0.001  0.046  0.047  0.012   0.99          
 241  13.130   0.715   0.179  0.003  0.005  0.004  99.99          
 242  16.497   1.397  99.999  0.008  0.016 99.999  99.99          
 243  16.296   0.514   0.118  0.004  0.011  0.024  99.99          
 244  15.672   0.648   0.125  0.017  0.017  0.014  99.99          
 245  16.859   0.907   0.627  0.009  0.013  0.056  99.99          
 246  11.918   0.527   0.071  0.003  0.006  0.005  99.99          
 247  16.614   0.971   0.760  0.006  0.009  0.059  99.99          
 248  15.323   0.728   0.111  0.005  0.014  0.019  99.99          
 249  15.797   0.713   0.185  0.009  0.014  0.021  99.99          
 250  16.528   0.774   0.210  0.012  0.014  0.031  99.99          
 251  16.668   0.736   0.149  0.002  0.009  0.034  99.99          
 252  16.616   0.763   0.191  0.009  0.013  0.030  99.99          
 253  11.013   0.506   0.035  0.015  0.016  0.006  99.99          
 254  15.001   1.061   0.718  0.002  0.011  0.020  99.99          
 255  16.515   0.727   0.121  0.008  0.012  0.026  99.99          
 256  16.384   1.147   0.938  0.005  0.009  0.070  99.99          
 257  16.473   0.874   0.487  0.001  0.007  0.040  99.99          
 258  16.372   0.910   0.405  0.001  0.009  0.036  99.99          
 259  14.151   0.620   0.110  0.003  0.006  0.011  99.99          
 260  13.395   0.996   0.678  0.007  0.009  0.007  99.99          
 261  16.969   1.044   0.927  0.011  0.020  0.096  99.99          
 262  14.630   1.027   0.708  0.001  0.003  0.014  99.99          
 263  15.280   0.614   0.088  0.004  0.004  0.012  99.99          
 264  16.727   0.701   0.054  0.007  0.011  0.026  99.99          
 265  15.406   0.786   0.265  0.001  0.002  0.016  99.99          
 266  15.345   0.762   0.244  0.000  0.003  0.015  99.99          
 267  16.760   0.864   0.360  0.001  0.011  0.049  99.99          
 268  14.897   0.809   0.321  0.002  0.002  0.013  99.99          
 269  14.965   1.448   1.582  0.005  0.008  0.045  99.99          
 270  11.821   0.969   0.592  0.003  0.011  0.011  99.99          
 271  16.562   0.732   0.167  0.002  0.002  0.029  99.99          
 272  16.363   0.889   0.468  0.014  0.021  0.037  99.99          
 273  16.726   1.530  99.999  0.005  0.015 99.999  99.99          
 274  16.671   0.917   0.492  0.000  0.007  0.032  99.99          
 275  16.687   0.655   0.074  0.007  0.021  0.029  99.99          
 276  12.443   0.601   0.064  0.000  0.003  0.003  99.99          
 277  15.632   0.658   0.073  0.004  0.007  0.015  99.99          
 278  13.320   0.735   0.175  0.002  0.003  0.004  99.99          
 279  16.554   1.148   0.912  0.020  0.022  0.067  99.99          
 280  15.876   0.725   0.195  0.001  0.001  0.002  99.99          
 281  16.080   0.988   0.697  0.000  0.008  0.042  99.99          
 282  16.234   0.742   0.150  0.004  0.004  0.029  99.99          
 283  13.767   0.859   0.389  0.003  0.004  0.009  99.99          
 284  15.457   1.137   0.837  0.010  0.013  0.030  99.99          
 285  15.068   1.069   0.767  0.005  0.005  0.019  99.99          
 286  14.183   0.770   0.272  0.014  0.015  0.009  99.99          
 287  16.532   1.180   1.235  0.006  0.013  0.083  99.99          
 288  12.953   0.683   0.119  0.001  0.001  0.003  99.99          
 289  14.641   1.005   0.665  0.008  0.011  0.014  99.99          
 291  14.742   0.598   0.075  0.005  0.005  0.008  99.99          
 292  14.792   0.954   0.542  0.006  0.007  0.014  99.99          
 293  16.765   0.813   0.271  0.004  0.011  0.034  99.99          
 294  16.928   0.727   0.227  0.003  0.011  0.043  99.99          
 295  14.585   0.707   0.181  0.001  0.003  0.009  99.99          
 296  15.018   0.611   0.039  0.012  0.012  0.009  99.99          
 297  16.806   0.743   0.210  0.007  0.011  0.035  99.99          
 298  16.588   0.982   0.743  0.009  0.011  0.049  99.99          
 299  13.507   0.978   0.550  0.000  0.001  0.008  99.99          
 300  16.614   0.945   0.279  0.001  0.003  0.037  99.99          
 301  15.192   0.710   0.122  0.009  0.009  0.012  99.99          
 302  16.339   0.682   0.127  0.003  0.006  0.028  99.99          
 303  16.082  99.999  99.999  0.536 99.999 99.999  99.99          
 304  15.318   0.189  -0.059  0.434  0.434  0.025  99.99          
 305  13.167   0.960   0.542  0.001  0.001  0.009  99.99          
 306  12.418   0.433   0.109  0.011  0.012  0.003  99.99          
 307  12.265   0.668   0.168  0.005  0.006  0.005  99.99          
 308  15.795   1.314   1.393  0.003  0.004  0.048  99.99          
 309  14.722   1.008   0.716  0.010  0.011  0.013  99.99          
 310  15.069   1.061   0.757  0.007  0.008  0.025  99.99          
 311  16.042   0.835   0.317  0.005  0.006  0.024  99.99          
 312  12.812   1.030   0.742  0.002  0.004  0.008  99.99          
 313  14.516   0.613   0.082  0.003  0.004  0.019  99.99          
 314  16.700   1.424   1.248  0.007  0.016  0.128  99.99          
 315  16.526   0.832   0.371  0.002  0.003  0.005  99.99          
 316  12.040   0.533   0.066  0.012  0.004  0.001  99.99          
 317  12.029   0.520   0.074  0.009  0.009  0.003  99.99          
 318  14.606   0.708   0.079  0.004  0.004  0.023  99.99          
 319  12.220   1.216   1.154  0.014  0.015  0.012  99.99          
 320  13.026   0.627   0.146  0.002  0.003  0.007  99.99          
 321  14.423   0.688   0.052  0.002  0.002  0.006  99.99          
 323  13.588   0.578   0.054  0.002  0.004  0.004  99.99          
 324  16.811   1.072   0.936  0.004  0.011  0.081  99.99          
 325  16.739   0.780   0.136  0.012  0.017  0.054  99.99          
 326  14.926   1.081   0.909  0.003  0.005  0.020  99.99          
 328  15.114   1.184   0.845  0.006  0.012  0.027  99.99          
 329  15.450   0.724   0.185  0.001  0.007  0.017  99.99          
 330  14.663   0.795  -0.008  0.001  0.006  0.010  99.99          
 331  16.925   0.682   0.059  0.013  0.018  0.032  99.99          
 332  15.035   1.057   0.811  0.000  0.006  0.021  99.99          
 333  14.196   0.912   0.490  0.005  0.007  0.001  99.99          
 334  14.773   0.620   0.076  0.006  0.006  0.008  99.99          
 335  15.919   0.824   0.323  0.021  0.021  0.020  99.99          
 336  14.307   1.337   1.528  0.003  0.003  0.029  99.99          
 337  15.767   1.017   0.803  0.008  0.010  0.031  99.99          
 338  13.011   0.650   0.151  0.006  0.007  0.003  99.99          
 339  14.846   0.589   0.061  0.001  0.004  0.012  99.99          
 340  13.417   0.532   0.060  0.002  0.003  0.001  99.99          
 341  12.843   0.931   0.484  0.001  0.002  0.017  99.99          
 342  15.041   0.636   0.137  0.003  0.005  0.013  99.99          
 343  16.395   0.839   0.365  0.001  0.008  0.031  99.99          
 344  16.192   0.680   0.121  0.008  0.008  0.021  99.99          
 345  16.693   0.586   0.106  0.004  0.014  0.025  99.99          
 346  14.386   0.878   0.298  0.002  0.007  0.010  99.99          
 347  13.477   0.781   0.262  0.002  0.008  0.008  99.99          
 348  15.655   0.652   0.120  0.002  0.007  0.012  99.99          
 349  15.826   0.779   0.178  0.007  0.007  0.015  99.99          
 350  14.301   0.719   0.172  0.005  0.006  0.008  99.99          
 351  16.424   0.812   0.296  0.006  0.008  0.033  99.99          
 352  16.302   0.776   0.352  0.010  0.011  0.028  99.99          
 353  12.251   1.161   0.968  0.003  0.004  0.009  99.99          
 354  16.828   0.959   0.688  0.001  0.011  0.055  99.99          
 355  15.536   1.041   0.672  0.002  0.002  0.024  99.99          
 356  16.655   0.731   0.092  0.009  0.020  0.035  99.99          
 357  16.820   0.840   0.468  0.007  0.038  0.064  99.99          
 358  11.282   0.532   0.115  0.007  0.009  0.007   0.98          
 359  16.285   0.862   0.268  0.005  0.011  0.025  99.99          
 360  11.551   0.464   0.085  0.009  0.010  0.005  99.99          
 361  15.631   0.826   0.339  0.017  0.021  0.023  99.99          
 362  16.067   1.076   0.788  0.007  0.009  0.034  99.99          
 363  15.618   0.770   0.168  0.005  0.015  0.022  99.99          
 364  16.066   0.740   0.090  0.003  0.005  0.016  99.99          
 365  11.369   0.400   0.069  0.017  0.022  0.014   0.99          
 366  14.595   1.104   0.787  0.004  0.004  0.016  99.99          
 367  15.298   0.715   0.127  0.009  0.009  0.014  99.99          
 368  13.074   0.688   0.135  0.000  0.000  0.003  99.99          
 369  16.670   1.037   0.643  0.002  0.011  0.060  99.99          
 370  16.733   0.694  -0.031  0.003  0.010  0.012  99.99          
 371  14.712   1.177   0.958  0.003  0.003  0.021  99.99          
 372  16.057   1.281   1.189  0.002  0.003  0.026  99.99          
 373  16.947   0.683   0.183  0.013  0.017  0.041  99.99          
 374  15.208   0.710   0.123  0.000  0.011  0.017  99.99          
 375  16.980   0.706   0.210  0.009  0.009  0.042  99.99          
 376  12.817   0.702   0.121  0.003  0.004  0.005  99.99          
 377  16.333   1.142   1.047  0.009  0.014  0.070  99.99          
 378  16.487   0.616   0.090  0.007  0.007  0.017  99.99          
 379  15.555   0.868   0.539  0.003  0.008  0.023  99.99          
 380  16.332   1.373  99.999  0.004  0.012 99.999  99.99          
 381  16.060   0.858   0.464  0.002  0.003  0.023  99.99          
 382  16.998   0.777   0.234  0.003  0.010  0.042  99.99          
 383  16.827   1.059   0.952  0.017  0.021  0.096  99.99          
 384  16.304   0.698   0.136  0.002  0.003  0.023  99.99          
 385  14.987   0.631   0.027  0.008  0.009  0.010  99.99          
 386  14.190   0.701   0.196  0.005  0.010  0.011  99.99          
 387  16.797   1.115   0.976  0.000  0.012  0.087  99.99          
 389  13.423   0.760   0.199  0.001  0.001  0.001  99.99          
 390  16.779   0.766   0.202  0.001  0.007  0.036  99.99          
 391  15.504   0.621   0.018  0.011  0.012  0.037  99.99          
 392  14.069   0.486   0.132  0.000  0.002  0.028  99.99          
 393  13.667   0.811   0.293  0.001  0.002  0.006  99.99          
 394  16.926   0.816   0.396  0.004  0.012  0.049  99.99          
 395  15.453   0.834   0.501  0.001  0.003  0.017  99.99          
 396  15.808   0.724   0.139  0.007  0.009  0.016  99.99          
 397  14.060   0.831   0.309  0.000  0.002  0.007  99.99          
 398  15.716   0.733   0.231  0.001  0.007  0.019  99.99          
 399  14.253   0.928   0.551  0.012  0.013  0.011  99.99          
 401  16.861   0.696   0.122  0.004  0.004  0.035  99.99          
 402  15.140   0.830   0.367  0.002  0.003  0.011  99.99          
 403  12.795   0.597   0.115  0.003  0.007  0.008  99.99          
 404  16.686   0.822   0.241  0.003  0.002  0.009  99.99          
 405  13.987   1.008   0.641  0.004  0.007  0.012  99.99          
 406  15.571   1.033   0.732  0.013  0.014  0.024  99.99          
 407  10.874   0.311   0.179  0.012  0.014  0.008   0.94          
 408  16.319   1.088   0.933  0.003  0.010  0.051  99.99          
 409  12.691   1.153   1.011  0.005  0.005  0.006  99.99          
 410  16.127   0.995   0.830  0.015  0.017  0.047  99.99          
 411  14.012   1.027   0.764  0.001  0.001  0.010  99.99          
 412  16.994   0.918   0.453  0.006  0.014  0.063  99.99          
 413  15.325   0.909   0.541  0.002  0.004  0.018  99.99          
 414  13.628   0.561   0.057  0.001  0.001  0.007  99.99          
 415  16.324   0.858   0.429  0.005  0.016  0.033  99.99          
 416  16.666   0.885   0.555  0.015  0.017  0.042  99.99          
 417  15.928   1.029   0.740  0.014  0.015  0.036  99.99          
 418  16.279   0.807   0.354  0.007  0.008  0.032  99.99          
 419  10.238   0.181   0.145  0.009  0.011  0.012   0.99          
 421  15.805   0.666   0.080  0.000  0.006  0.014  99.99          
 422  16.150   0.649   0.114  0.001  0.013  0.023  99.99          
 423  15.779   0.907   0.526  0.006  0.007  0.030  99.99          
 424  13.760   0.814   0.329  0.001  0.003  0.004  99.99          
 425  13.298   0.813   0.371  0.004  0.005  0.002  99.99          
 426  16.876   0.976   0.457  0.001  0.012  0.056  99.99          
 427  16.897   0.798   0.201  0.001  0.001  0.043  99.99          
 428  16.096   0.806   0.266  0.005  0.008  0.025  99.99          
 429  16.931   0.641   0.100  0.005  0.013  0.035  99.99          
 430  14.856   1.155   0.929  0.002  0.003  0.022  99.99          
 431  16.800   0.821   0.280  0.008  0.012  0.037  99.99          
 432  16.415   0.859   0.399  0.010  0.010  0.030  99.99          
 433  16.760   1.125   1.091  0.006  0.014  0.088  99.99          
 434  10.836   0.316   0.190  0.019  0.020  0.010   0.96          
 435  14.154   0.656   0.036  0.005  0.006  0.006  99.99          
 436  16.517   0.782   0.311  0.021  0.021  0.030  99.99          
 437  16.939   1.518  99.999  0.008  0.016 99.999  99.99          
 439  11.602   1.476   1.765  0.005  0.007  0.006  99.99          
 440  11.107   0.374   0.156  0.016  0.019  0.010   0.99          
 441  11.195   0.383   0.125  0.007  0.010  0.009   0.99          
 442  16.973   0.779   0.256  0.023  0.025  0.044  99.99          
 443  16.018   1.282   1.012  0.003  0.005  0.089  99.99          
 444  16.262   1.034   0.756  0.004  0.008  0.044  99.99          
 445  15.314   1.126   1.003  0.013  0.013  0.024  99.99          
 446  15.730   1.111   0.648  0.004  0.004  0.026  99.99          
 447  14.144   0.657   0.077  0.001  0.001  0.005  99.99          
 448  16.931   0.868   0.321  0.009  0.013  0.044  99.99          
 449  12.745   0.666   0.116  0.004  0.004  0.002  99.99          
 450  15.622   1.287   1.143  0.007  0.003  0.017  99.99          
 451  16.821   1.060   0.664  0.002  0.009  0.072  99.99          
 453  13.030   0.691   0.156  0.002  0.006  0.006  99.99          
 454  16.728   0.851   0.360  0.005  0.013  0.034  99.99          
 455  15.739   0.648   0.060  0.006  0.010  0.016  99.99          
 456  16.356   0.856   0.358  0.004  0.004  0.033  99.99          
 457  16.937   1.098   0.837  0.005  0.013  0.084  99.99          
 458  16.999   1.213  99.999  0.005  0.014 99.999  99.99          
 459  16.824   0.847   0.298  0.012  0.021  0.041  99.99          
 460  16.277   1.088   0.864  0.015  0.022  0.058  99.99          
 461  15.399   0.739   0.164  0.004  0.005  0.013  99.99          
 462  16.877   0.866   0.572  0.002  0.006  0.057  99.99          
 463  12.648   0.636   0.113  0.000  0.010  0.010  99.99          
 465  16.751   0.991   0.619  0.001  0.005  0.050  99.99          
 466  13.940   0.651   0.130  0.001  0.001  0.001  99.99          
 467  15.035   0.949   0.693  0.004  0.005  0.013  99.99          
 468  14.233   0.773   0.205  0.003  0.004  0.004  99.99          
 469  16.706   1.222  99.999  0.004  0.012 99.999  99.99          
 470  14.827   0.721   0.199  0.017  0.017  0.010  99.99          
 471  13.790   0.727   0.249  0.012  0.001  0.006  99.99          
 472  12.152   0.425   0.214  0.006  0.008  0.005  99.99          
 473  15.707   0.764   0.191  0.004  0.006  0.017  99.99          
 474  15.843   0.741   0.228  0.004  0.004  0.021  99.99          
 475  11.706   0.507   0.089  0.007  0.008  0.002   0.99          
 476  16.107   0.731   0.212  0.006  0.001  0.012  99.99          
 477  16.126   0.685   0.083  0.008  0.008  0.017  99.99          
 478  16.121   0.966   0.578  0.004  0.004  0.039  99.99          
 479  14.498   0.806   0.273  0.002  0.000  0.021  99.99          
 481  11.346   0.460   0.089  0.007  0.012  0.010   0.99          
 482  13.800   0.603   0.059  0.006  0.006  0.003  99.99          
 483  16.846   0.370   0.157  0.003  0.017  0.034  99.99          
 484  14.724   1.018   0.746  0.006  0.008  0.017  99.99          
 486  16.558   0.714   0.123  0.009  0.012  0.029  99.99          
 487  11.094   0.394   0.166  0.015  0.019  0.013   0.97          
 488  15.030   0.739   0.196  0.002  0.002  0.010  99.99          
 489  16.766   1.134   0.736  0.017  0.021  0.074  99.99          
 490  14.396   0.929   0.629  0.003  0.006  0.013  99.99          
 491  16.093   1.126   0.674  0.005  0.005  0.038  99.99          
 492  16.462   1.394   1.093  0.003  0.012  0.099  99.99          
 493  15.552   0.667   0.103  0.004  0.004  0.015  99.99          
 494  15.764   0.897   0.422  0.001  0.009  0.020  99.99          
 495  16.993   0.990   0.609  0.008  0.014  0.058  99.99          
 496  15.890   0.667   0.111  0.001  0.004  0.016  99.99          
 497  16.569   0.683   0.106  0.000  0.002  0.032  99.99          
 498  15.275   0.850   0.387  0.005  0.005  0.014  99.99          
 499  12.027   0.550   0.071  0.007  0.009  0.006  99.99          
 500  15.260   0.984   0.747  0.010  0.013  0.035  99.99          
 501  16.107   0.745   0.168  0.001  0.007  0.024  99.99          
 502  12.757   0.437   0.253  0.001  0.006  0.005  99.99          
 503  16.589   0.970  99.999  0.060  0.127 99.999  99.99          
 504  13.821   0.828   0.339  0.003  0.005  0.008  99.99          
 505  16.978   0.616   0.018  0.002  0.010  0.037  99.99          
 506  16.688  99.999  99.999  0.064 99.999 99.999  99.99          
 508  16.246   1.343   1.357  0.010  0.014  0.095  99.99          
 509  11.168   0.349   0.087  0.017  0.019  0.009   0.88          
 510  16.685   0.827   0.281  0.009  0.013  0.032  99.99          
 511  15.828   0.586   0.155  0.050  0.051  0.065  99.99          
 512  15.265   0.803   0.279  0.004  0.009  0.016  99.99          
 513  14.285   0.672   0.021  0.000  0.002  0.015  99.99          
 515  16.395   0.997   0.523  0.006  0.010  0.045  99.99          
 516  16.455   1.086   0.884  0.024  0.027  0.069  99.99          
 517  14.587   0.683   0.177  0.004  0.004  0.010  99.99          
 518  15.762   0.723   0.176  0.000  0.000  0.016  99.99          
 519  16.794   0.910   0.438  0.000  0.011  0.056  99.99          
 521  14.543   0.869   0.361  0.006  0.006  0.010  99.99          
 522  14.862   0.858   0.413  0.000  0.001  0.013  99.99          
 523  15.927   0.741   0.108  0.001  0.002  0.019  99.99          
 525  15.342   0.753   0.186  0.007  0.006  0.015  99.99          
 526  16.656   0.882   0.367  0.004  0.010  0.038  99.99          
 527  13.186   1.401   1.624  0.001  0.001  0.007  99.99          
 528  15.264   0.921   0.520  0.016  0.017  0.017  99.99          
 529  16.920   1.447  99.999  0.016  0.021 99.999  99.99          
 530  16.888   0.734   0.230  0.020  0.022  0.053  99.99          
 531  14.353   0.924   0.521  0.001  0.007  0.016  99.99          
 532  16.723   0.722   0.070  0.001  0.007  0.051  99.99          
 533  13.104   0.741   0.208  0.004  0.002  0.011  99.99          
 534  16.131   0.784   0.297  0.003  0.002  0.028  99.99          
 535  15.440   0.715   0.179  0.012  0.012  0.016  99.99          
 536  12.218   0.722   0.221  0.014  0.021  0.021  99.99          
 537  16.551   0.687   0.063  0.004  0.008  0.031  99.99          
 538  12.991   0.803   0.605  0.016  0.040  0.101  99.99          
 539  12.843   1.774   2.160  0.001  0.001  0.017  99.99          
 540  15.551   0.719   0.214  0.002  0.004  0.012  99.99          
 541  16.858   0.706   0.051  0.008  0.013  0.031  99.99          
 542  13.787   0.819   0.349  0.002  0.001  0.000  99.99          
 543  14.759   1.020   0.766  0.002  0.009  0.017  99.99          
 544  16.678   0.821   0.307  0.013  0.016  0.037  99.99          
 545  16.869   0.996   0.562  0.010  0.017  0.057  99.99          
 546  14.015   1.078   0.706  0.005  0.006  0.012  99.99          
 547  15.663   1.159   1.050  0.006  0.006  0.034  99.99          
 548  16.103   1.332   1.147  0.000  0.003  0.063  99.99          
 549  13.976   0.872   0.427  0.002  0.003  0.012  99.99          
 550  15.629   0.939   0.600  0.002  0.014  0.027  99.99          
 551  12.869   0.709   0.128  0.001  0.004  0.006  99.99          
 552  14.364   1.488   1.649  0.002  0.008  0.055  99.99          
 553  12.622   0.604   0.084  0.002  0.003  0.002  99.99          
 554  15.790   0.705   0.201  0.006  0.007  0.013  99.99          
 555  13.038   0.971   0.527  0.002  0.003  0.005  99.99          
 556  16.987   0.945   0.666  0.016  0.020  0.072  99.99          
 557  12.639   1.144   0.972  0.002  0.008  0.009  99.99          
 558  16.469   0.745   0.152  0.005  0.008  0.021  99.99          
 559  13.763   1.124   1.018  0.020  0.026  0.022  99.99          
 560  13.019   1.068   0.969  0.005  0.006  0.003  99.99          
 561  14.456   0.948   0.579  0.000  0.001  0.010  99.99          
 562  12.702   0.649   0.112  0.001  0.002  0.006  99.99          
 563  14.768   0.713   0.180  0.002  0.002  0.011  99.99          
 566  13.439   0.609   0.057  0.000  0.003  0.003  99.99          
 567  14.369   0.909   0.471  0.001  0.001  0.009  99.99          
 568  16.853   0.701   0.076  0.003  0.005  0.033  99.99          
 569  15.219   1.204   1.023  0.002  0.003  0.024  99.99          
 571  13.479   0.595   0.055  0.003  0.003  0.002  99.99          
 572  16.131   1.156   1.011  0.005  0.007  0.082  99.99          
 573  14.913   1.045   0.765  0.015  0.016  0.021  99.99          
 574  16.039   0.705   0.162  0.053  0.079  0.065  99.99          
 575  12.674   0.665   0.116  0.005  0.006  0.006  99.99          
 576  15.970   0.674   0.105  0.002  0.004  0.006  99.99          
 577  16.927   1.218   1.143  0.019  0.024  0.124  99.99          
 578  12.955   1.413   1.580  0.008  0.009  0.011  99.99          
 579  14.856   1.107   0.904  0.006  0.010  0.019  99.99          
 580  15.966   0.693   0.180  0.003  0.005  0.019  99.99          
 581  15.124   1.132   1.041  0.001  0.001  0.030  99.99          
 582  15.957   0.711   0.255  0.002  0.006  0.017  99.99          
 583  15.741   1.399   1.171  0.009  0.014  0.070  99.99          
 584  16.708   0.851   0.490  0.003  0.016  0.057  99.99          
 585  15.881   0.776   0.365  0.002  0.006  0.021  99.99          
 586  14.587   0.988   0.652  0.004  0.008  0.015  99.99          
 587  16.684   0.764   0.223  0.006  0.015  0.041  99.99          
 588  16.721   0.904   0.269  0.003  0.018  0.042  99.99          
 589  16.331   1.371   1.248  0.000  0.013  0.068  99.99          
 590  14.000   0.609   0.078  0.014  0.025  0.026  99.99          
 591  16.384   0.969   0.646  0.003  0.012  0.043  99.99          
 592  11.062   0.362   0.119  0.013  0.016  0.009   0.99          
 593  14.111   0.629   0.120  0.002  0.007  0.007  99.99          
 595  15.626   1.351   1.335  0.003  0.010  0.048  99.99          
 596  11.953   0.538   0.067  0.006  0.008  0.011  99.99          
 597  15.829   0.745   0.192  0.006  0.007  0.017  99.99          
 598  15.943   0.853   0.337  0.004  0.007  0.026  99.99          
 599  16.207   0.854   0.321  0.011  0.011  0.024  99.99          
 600  12.049   0.602   0.103  0.012  0.008  0.003  99.99          
 601  15.882   0.667   0.037  0.004  0.013  0.019  99.99          
 603  14.994   0.628   0.051  0.004  0.004  0.009  99.99          
 604  14.720   1.105   0.914  0.000  0.001  0.019  99.99          
 605  11.224   0.484   0.014  0.012  0.012  0.004  99.99          
 606  16.703   1.086   0.979  0.012  0.017  0.085  99.99          
 607  12.664   1.071   0.758  0.014  0.014  0.002  99.99          
 608  13.077   0.680   0.142  0.000  0.004  0.008  99.99          
 609  15.424   1.161   1.038  0.002  0.005  0.030  99.99          
 610  16.942   0.760   0.159  0.002  0.011  0.041  99.99          
 611  16.326   0.815   0.326  0.004  0.008  0.032  99.99          
 612  15.429   0.705   0.160  0.002  0.002  0.013  99.99          
 613  14.459   0.638   0.128  0.004  0.006  0.010  99.99          
 614  14.064   0.964   0.572  0.001  0.005  0.017  99.99          
 615  12.688   0.634   0.117  0.000  0.004  0.005  99.99          
 616  11.940   0.536   0.069  0.009  0.010  0.004  99.99          
 617  15.829   0.791   0.401  0.009  0.011  0.023  99.99          
 618  14.426   1.363   1.134  0.008  0.016  0.025  99.99          
 619  14.515   0.439   0.201  0.004  0.005  0.008  99.99          
 620  15.244   0.715   0.114  0.008  0.008  0.011  99.99          
 621  13.312   1.225   1.074  0.006  0.007  0.013  99.99          
 622  15.113   0.848   0.370  0.000  0.009  0.016  99.99          
 623  14.111   0.942   0.532  0.007  0.009  0.013  99.99          
 624  16.082   0.864   0.358  0.002  0.011  0.034  99.99          
 625  14.608   0.697   0.119  0.002  0.002  0.008  99.99          
 626  16.847   0.875   0.354  0.005  0.013  0.049  99.99          
 627  13.541   0.766   0.367  0.001  0.001  0.005  99.99          
 628  16.803   0.810   0.260  0.005  0.023  0.046  99.99          
 629  16.125   1.304   1.252  0.004  0.008  0.086  99.99          
 630  15.083   0.395   0.135  0.022  0.004  0.009  99.99          
 631  14.696   0.485   0.101  0.004  0.008  0.012  99.99          
 632  10.694   0.345   0.168  0.001  0.011  0.001   0.79          
 633  14.988   1.065   0.837  0.040  0.005  0.019  99.99          
 634  15.645   0.749   0.168  0.003  0.003  0.016  99.99          
 635  13.762   1.131   0.981  0.010  0.010  0.011  99.99          
 636  12.279   0.536   0.064  0.023  0.008  0.000  99.99          
 637  16.521   0.741   0.141  0.006  0.011  0.029  99.99          
 638  15.224   0.804   0.417  0.001  0.006  0.017  99.99          
 639  14.452   0.736   0.211  0.015  0.002  0.007  99.99          
 640  16.068   0.729   0.210  0.007  0.007  0.021  99.99          
 641  14.238   0.782   0.351  0.017  0.011  0.024  99.99          
 642  15.132   0.672   0.170  0.007  0.013  0.018  99.99          
 643  15.632   1.202   1.164  0.001  0.002  0.031  99.99          
 644  15.625   1.196   1.191  0.002  0.012  0.048  99.99          
 645  16.477   0.572   0.075  0.028  0.062  0.090  99.99          
 646  14.489   0.532   0.035  0.033  0.011  0.031  99.99          
 647  15.528   0.806   0.353  0.014  0.004  0.041  99.99          
 648  16.647   0.734   0.223  0.012  0.015  0.037  99.99          
 650  16.079   0.793   0.357  0.037  0.006  0.023  99.99          
 651  15.162   1.101   0.907  0.010  0.008  0.003  99.99          
 652  12.026   0.554   0.067  0.051  0.019  0.001  99.99          
 653  15.739   0.816   0.441  0.017  0.004  0.003  99.99          
 654  15.080   0.698   0.198  0.008  0.015  0.004  99.99          
 655  16.640   0.709   0.157  0.020  0.021  0.032  99.99          
 656  16.297   0.745   0.125  0.011  0.007  0.016  99.99          
 657  13.951   0.846   0.367  0.023  0.005  0.012  99.99          
 658  14.060   0.627   0.004  0.016  0.008  0.000  99.99          
 659  16.246   1.022   0.740  0.019  0.048  0.055  99.99          
 660  16.974   0.892   0.498  0.005  0.012  0.071  99.99          
 661  16.209   0.784   0.258  0.031  0.005  0.012  99.99          
 662  12.481   1.130   0.939  0.000  0.003  0.006  99.99          
 663  16.441   0.880   0.187  0.040  0.006  0.032  99.99          
 664  16.223   0.614  -0.011  0.024  0.003  0.027  99.99          
 665  15.719   0.687   0.191  0.002  0.003  0.014  99.99          
 666  11.956   0.500   0.059  0.023  0.005  0.012  99.99          
 667  14.289   0.914   0.654  0.029  0.005  0.018  99.99          
 668  16.589   0.716   0.083  0.046  0.025  0.022  99.99          
 669  15.606   0.754   0.181  0.003  0.005  0.016  99.99          
 670  13.497   0.901   0.493  0.004  0.009  0.008  99.99          
 671  12.208   1.169   1.210  0.029  0.008  0.025  99.99          
 672  16.308   0.756   0.225  0.007  0.010  0.029  99.99          
 673  16.803   0.746   0.181  0.024  0.010  0.019  99.99          
 675  14.686   0.977   0.659  0.016  0.007  0.018  99.99          
 676  16.533   1.508   1.398  0.017  0.003  0.113  99.99          
 677  13.951   1.048   0.701  0.002  0.003  0.010  99.99          
 678  15.262   0.789   0.319  0.002  0.003  0.012  99.99          
 679  16.936   0.731   0.088  0.011  0.014  0.037  99.99          
 681  15.685   1.113   0.903  0.001  0.006  0.042  99.99          
 682  10.098   0.120   0.131  0.020  0.013  0.009   0.99          
 683  16.905  99.999  99.999  0.030 99.999 99.999  99.99          
 684  16.838   0.786   0.376  0.012  0.015  0.045  99.99          
 685  16.974   0.996   0.759  0.009  0.014  0.001  99.99          
 686  16.475   0.898   0.454  0.010  0.004  0.045  99.99          
 687  16.149   0.653   0.046  0.002  0.002  0.023  99.99          
 688  16.637   0.717   0.093  0.017  0.001  0.023  99.99          
 689  16.803   1.205  99.999  0.008  0.003 99.999  99.99          
 690  16.502   0.961   0.443  0.006  0.012  0.035  99.99          
 691  16.331   0.926   0.600  0.001  0.008  0.038  99.99          
 692  14.007   0.735   0.219  0.030  0.006  0.012  99.99          
 693  15.259   1.116   0.904  0.018  0.004  0.031  99.99          
 694  14.036   0.854   0.411  0.001  0.001  0.008  99.99          
 695  15.139   0.713   0.175  0.001  0.009  0.016  99.99          
 696  13.896   1.415   1.209  0.012  0.001  0.015  99.99          
 697  15.858   1.257   1.210  0.024  0.002  0.013  99.99          
 698  15.753   1.019   0.548  0.023  0.004  0.007  99.99          
 699  16.198   0.667   0.072  0.007  0.020  0.027  99.99          
 700  11.476   0.530   0.045  0.012  0.006  0.004   0.99          
 701  15.083   0.953   0.728  0.005  0.002  0.013  99.99          
 702  13.291   0.695   0.114  0.002  0.005  0.004  99.99          
 703  16.441   0.929   0.206  0.023  0.002  0.001  99.99          
 704  14.271   0.705   0.134  0.001  0.003  0.008  99.99          
 705  16.218   0.666   0.120  0.006  0.006  0.024  99.99          
 706  15.286   1.113   0.944  0.007  0.005  0.029  99.99          
 707  14.775   0.875   0.528  0.001  0.001  0.014  99.99          
 708  14.283   0.607   0.071  0.021  0.002  0.009  99.99          
 709  12.326   0.581   0.048  0.011  0.001  0.006  99.99          
 710  16.982   0.811   0.108  0.020  0.023  0.049  99.99          
 711  10.969   0.335   0.150  0.041  0.007  0.003   0.99          
 712  15.477   1.200   1.163  0.016  0.002  0.058  99.99          
 713  14.275   1.416   1.497  0.007  0.007  0.022  99.99          
 714  12.924   0.658   0.122  0.004  0.002  0.004  99.99          
 715  14.892   0.816  -0.266  0.133  0.180  0.121  99.99          
 716  13.934   0.667   0.119  0.037  0.028  0.032  99.99          
 717  14.768   0.594   0.065  0.002  0.008  0.011  99.99          
 718  15.201   1.023   0.673  0.015  0.001  0.012  99.99          
 719  16.089   0.660   0.074  0.006  0.009  0.018  99.99          
 720  14.728   1.144   0.940  0.007  0.007  0.020  99.99          
 721  13.160   1.325   1.269  0.007  0.011  0.012  99.99          
 722  16.129   0.650   0.096  0.010  0.017  0.022  99.99          
 723  16.991   1.221  99.999  0.013  0.019 99.999  99.99          
 724  14.640   0.949   0.529  0.012  0.003  0.016  99.99          
 725  16.176   0.731   0.047  0.003  0.018  0.052  99.99          
 726  16.015   0.958   0.689  0.009  0.018  0.039  99.99          
 727  12.347   0.567   0.042  0.003  0.001  0.007  99.99          
 728  14.835   1.036   0.769  0.018  0.006  0.021  99.99          
 729  14.239   0.953   0.509  0.003  0.023  0.027  99.99          
 730  16.681   0.746   0.197  0.025  0.002  0.040  99.99          
 731  13.160   0.702   0.163  0.009  0.013  0.009  99.99          
 732  16.012   0.258   0.184  0.031  0.013  0.001  99.99          
 734  16.737   0.816   0.331  0.013  0.018  0.036  99.99          
 735  13.963   0.945   0.622  0.001  0.006  0.012  99.99          
 736  16.291   1.099   1.000  0.034  0.003  0.086  99.99          
 737  15.916   0.786   0.331  0.025  0.005  0.011  99.99          
 738  16.798   0.740   0.263  0.012  0.015  0.040  99.99          
 739  14.982   0.641   0.072  0.007  0.007  0.009  99.99          
 741  16.296   0.886   0.435  0.010  0.013  0.031  99.99          
 742  15.528   0.606   0.083  0.003  0.003  0.012  99.99          
 743  14.903   1.038   0.781  0.018  0.001  0.014  99.99          
 744  16.370   0.897   0.352  0.018  0.003  0.020  99.99          
 745  16.588  99.999  99.999  0.047 99.999 99.999  99.99          
 746  15.967   0.605   0.066  0.030  0.032  0.019  99.99          
 747  16.983   0.881   0.406  0.015  0.003  0.011  99.99          
 748  15.859   1.246   1.080  0.037  0.037  0.056  99.99          
 749  15.617   0.762   0.194  0.002  0.005  0.016  99.99          
 750  16.764   0.723   0.110  0.008  0.036  0.050  99.99          
 751  16.181   0.820   0.330  0.013  0.015  0.028  99.99          
 752  14.246   0.635   0.139  0.005  0.008  0.009  99.99          
 754  15.616   0.999   0.711  0.006  0.006  0.023  99.99          
 755  16.531   0.950   0.595  0.020  0.005  0.042  99.99          
 756  16.565   1.234   1.160  0.021  0.006  0.037  99.99          
 757  14.369   0.970   0.737  0.006  0.006  0.010  99.99          
 758  13.932   1.114   0.896  0.019  0.003  0.007  99.99          
 759  16.786   1.386  99.999  0.003  0.015 99.999  99.99          
 760  15.784   0.907   0.501  0.001  0.011  0.028  99.99          
 761  15.245   0.632   0.132  0.016  0.009  0.023  99.99          
 762  16.716   0.973   0.680  0.006  0.006  0.006  99.99          
 764  16.215   1.410   1.292  0.006  0.005  0.041  99.99          
 765  13.703   0.596   0.051  0.001  0.003  0.009  99.99          
 766  16.914   0.978   0.616  0.012  0.006  0.072  99.99          
 767  11.692   0.482   0.055  0.009  0.001  0.004  99.99          
 769  14.021   1.014   0.742  0.003  0.001  0.010  99.99          
 771  15.850   0.739   0.194  0.011  0.003  0.013  99.99          
 773  12.901   0.815   0.432  0.008  0.001  0.003  99.99          
 774  16.652   0.717   0.206  0.039  0.040  0.027  99.99          
 775  15.306   1.043   0.744  0.009  0.011  0.024  99.99          
 776  16.882   1.019   0.796  0.015  0.003  0.009  99.99          
 777  15.417   0.812   0.134  0.025  0.401  0.401  99.99          
 778  13.020   0.877   0.411  0.003  0.002  0.014  99.99          
 779  14.792   0.987   0.636  0.003  0.003  0.017  99.99          
 780  16.736   0.774   0.260  0.014  0.018  0.030  99.99          
 781  16.920   0.680   0.106  0.007  0.002  0.004  99.99          
 782  14.667   0.675   0.155  0.014  0.005  0.009  99.99          
 783  13.487   0.746   0.241  0.002  0.000  0.005  99.99          
 784  16.642   0.954   0.490  0.014  0.006  0.002  99.99          
 785  16.398   0.991   0.663  0.002  0.008  0.046  99.99          
 787  14.586   0.949   0.500  0.021  0.003  0.012  99.99          
 788  16.269   1.324   1.263  0.001  0.010  0.087  99.99          
 789  16.779   0.599   0.045  0.008  0.011  0.034  99.99          
 790  16.848   1.039   0.631  0.005  0.010  0.022  99.99          
 791  16.122   1.196   1.131  0.001  0.001  0.011  99.99          
 792  16.744   1.397  99.999  0.007  0.015 99.999  99.99          
 793  15.819   0.781   0.205  0.007  0.005  0.006  99.99          
 794  12.841   0.682   0.122  0.011  0.000  0.008  99.99          
 796  15.899   0.764   0.251  0.004  0.005  0.020  99.99          
 797  16.059   0.818   0.350  0.001  0.003  0.001  99.99          
 798  16.652   0.728   0.241  0.013  0.015  0.033  99.99          
 799  15.984   0.775   0.224  0.011  0.000  0.017  99.99          
 800  16.749   0.752   0.253  0.003  0.009  0.029  99.99          
 802  16.207   0.950   0.582  0.000  0.001  0.031  99.99          
 804  13.108   0.699   0.161  0.004  0.005  0.001  99.99          
 805  16.372   0.733   0.154  0.002  0.002  0.021  99.99          
 806  15.620   1.441   1.083  0.010  0.010  0.043  99.99          
 807  13.334   0.723   0.182  0.020  0.003  0.003  99.99          
 808  14.183   1.033   0.879  0.008  0.010  0.015  99.99          
 809  16.424   0.803   0.211  0.007  0.013  0.029  99.99          
 810  16.418   0.791   0.214  0.001  0.009  0.029  99.99          
 811  12.586   0.567   0.075  0.105  0.041  0.060   0.98          
 812  12.383   0.613   0.110  0.113  0.025  0.078   0.98          
 813  16.647   0.742   0.110  0.004  0.010  0.029  99.99          
 814  15.332   0.788   0.310  0.026  0.006  0.002  99.99          
 815  13.401   0.733   0.198  0.005  0.006  0.009  99.99          
 816  15.188   1.085   0.882  0.002  0.002  0.016  99.99          
 817  16.753   0.756   0.178  0.001  0.011  0.039  99.99          
 818  15.355   1.144   1.041  0.002  0.019  0.030  99.99          
 819  14.733   0.899   0.497  0.001  0.004  0.011  99.99          
 820  16.656   0.724   0.095  0.023  0.006  0.048  99.99          
 821  13.492   0.317   0.226  0.017  0.001  0.001  99.99          
 822  15.481   0.748   0.279  0.003  0.010  0.013  99.99          
 823  14.445   0.470   0.166  0.009  0.001  0.003  99.99          
 824  15.038   1.067   0.855  0.014  0.004  0.012  99.99          
 825  14.880   0.968   0.802  0.002  0.006  0.019  99.99          
 826  15.797   0.905   0.445  0.015  0.015  0.019  99.99          
 827  10.879   0.262   0.119  0.011  0.014  0.010   0.99          
 829  13.973   0.577   0.034  0.001  0.004  0.008  99.99          
 831  16.933   0.927   0.551  0.001  0.000  0.000  99.99          
 832  15.866   0.780   0.239  0.006  0.007  0.020  99.99          
 833  16.618   0.899   0.593  0.001  0.009  0.048  99.99          
 834  16.884   1.437   1.394  0.017  0.004  0.148  99.99          
 835  14.338   0.904   0.512  0.059  0.006  0.004  99.99          
 836  15.590   0.565   0.047  0.008  0.008  0.014  99.99          
 837  15.245   0.897   0.592  0.005  0.012  0.019  99.99          
 838  12.278   0.571   0.019  0.002  0.002  0.002  99.99          
 839  13.863   0.415   0.066  0.000  0.000  0.007  99.99          
 840  15.964   0.635   0.108  0.006  0.007  0.016  99.99          
 841  16.087   0.925   0.503  0.003  0.001  0.033  99.99          
 842  13.676   0.790   0.240  0.004  0.006  0.009  99.99          
 843  16.140   0.718   0.165  0.003  0.004  0.025  99.99          
 844  15.599   0.741   0.247  0.004  0.009  0.016  99.99          
 845  16.423   1.243   0.742  0.001  0.012  0.052  99.99          
 846  15.631   0.947   0.686  0.009  0.014  0.027  99.99          
 847  15.040   1.227   1.072  0.001  0.003  0.027  99.99          
 848  16.267   0.889   0.475  0.008  0.010  0.035  99.99          
 849  16.565   0.874   0.526  0.043  0.018  0.008  99.99          
 850  16.643   0.750   0.227  0.004  0.005  0.028  99.99          
 851  16.914   0.803   0.391  0.005  0.012  0.060  99.99          
 852  13.722   0.788   0.267  0.002  0.002  0.009  99.99          
 853  14.241   0.709   0.194  0.002  0.004  0.009  99.99          
 854  14.954   1.025   0.540  0.002  0.004  0.015  99.99          
 855  13.820   0.802   0.285  0.002  0.004  0.005  99.99          
 856  13.710   0.834   0.333  0.025  0.005  0.003  99.99          
 857  12.665   0.748   0.251  0.012  0.014  0.010  99.99          
 859  13.997   0.672  -0.141  0.004  0.018  0.043  99.99          
 861  16.657   0.623   0.062  0.016  0.011  0.002  99.99          
 862  16.361   0.724   0.224  0.004  0.008  0.024  99.99          
 863  14.508   0.956   0.635  0.002  0.003  0.012  99.99          
 864  16.599   0.900   0.437  0.008  0.013  0.038  99.99          
 865  15.334   0.964   0.528  0.006  0.009  0.020  99.99          
 866  16.115   0.821   0.339  0.009  0.012  0.031  99.99          
 867  15.543   1.142   0.873  0.024  0.007  0.006  99.99          
 868  14.902   0.588   0.067  0.000  0.003  0.009  99.99          
 869  16.110   0.606   0.077  0.024  0.002  0.017  99.99          
 870  14.693   0.521   0.111  0.004  0.005  0.007  99.99          
 871  15.784   0.551   0.022  0.002  0.004  0.012  99.99          
 872  14.858   1.017   0.788  0.003  0.003  0.019  99.99          
 873  11.342   0.403   0.092  0.027  0.003  0.002   0.99          
 874  14.390   0.908   0.452  0.004  0.005  0.010  99.99          
 875  15.159   1.008   0.794  0.006  0.007  0.021  99.99          
 876  11.928   0.526   0.055  0.002  0.008  0.008  99.99          
 877  15.134   1.146   0.931  0.002  0.002  0.030  99.99          
 878  16.155   0.730   0.107  0.005  0.006  0.019  99.99          
 879  16.410   0.748   0.103  0.004  0.006  0.021  99.99          
 880  16.964   0.678  99.999  0.033  0.003 99.999  99.99          
 881  14.951   0.571   0.009  0.001  0.004  0.008  99.99          
 883  15.180   0.768   0.143  0.004  0.002  0.025  99.99          
 884  14.852   0.697   0.239  0.003  0.008  0.012  99.99          
 885  16.538   0.730   0.233  0.004  0.006  0.031  99.99          
 887  11.199   0.413   0.098  0.018  0.019  0.005   0.99          
 889  15.814   1.078   0.802  0.003  0.022  0.041  99.99          
 890  14.971   0.620   0.094  0.001  0.003  0.012  99.99          
 891  14.816   0.950   0.553  0.007  0.009  0.012  99.99          
 892  16.014   1.168   1.067  0.001  0.005  0.036  99.99          
 893  12.149   0.660   0.139  0.010  0.012  0.010  99.99          
 894  16.990   1.482  99.999  0.014  0.032 99.999  99.99          
 895  16.737   0.704   0.091  0.040  0.046  0.041  99.99          
 896  15.321   1.029   0.679  0.007  0.000  0.032  99.99          
 898  16.387   0.690   0.131  0.011  0.012  0.025  99.99          
 899  16.646   0.533   0.012  0.002  0.007  0.032  99.99          
 900  14.814   0.409   0.173  0.004  0.006  0.008  99.99          
 901  15.993   0.702   0.137  0.006  0.006  0.046  99.99          
 902  16.899   1.492  99.999  0.006  0.020 99.999  99.99          
 903  16.682   1.009   0.756  0.007  0.011  0.085  99.99          
 904  16.919   0.818   0.332  0.007  0.012  0.048  99.99          
 905  16.332   0.619   0.043  0.025  0.026  0.021  99.99          
 906  16.718   0.981   0.602  0.002  0.009  0.066  99.99          
 907  16.785   0.837   0.420  0.011  0.016  0.041  99.99          
 908  15.349   0.689   0.070  0.007  0.008  0.011  99.99          
 909  15.895   0.844   0.386  0.024  0.005  0.011  99.99          
 910  15.356   0.581   0.049  0.027  0.006  0.017  99.99          
 911  16.064   1.023   0.739  0.000  0.011  0.040  99.99          
 912  13.943   1.181   1.007  0.001  0.002  0.015  99.99          
 913  16.030   0.662   0.102  0.006  0.020  0.027  99.99          
 914  14.975   1.026   0.698  0.008  0.008  0.014  99.99          
 915  16.934   0.971   0.748  0.004  0.011  0.060  99.99          
 916  14.894   0.992   0.558  0.001  0.002  0.014  99.99          
 917  15.772   0.601   0.018  0.002  0.004  0.013  99.99          
 918  16.685   1.435  99.999  0.010  0.016 99.999  99.99          
 919  16.891   1.151   1.063  0.002  0.014  0.102  99.99          
 920  15.555   0.630   0.046  0.001  0.004  0.011  99.99          
 921  16.609   1.057   0.796  0.003  0.011  0.075  99.99          
 922  13.735   0.570   0.149  0.004  0.007  0.008  99.99          
 923  16.733   0.758   0.222  0.023  0.001  0.048  99.99          
 924  15.204   0.820   0.322  0.002  0.007  0.015  99.99          
 925  16.268   0.660   0.117  0.005  0.000  0.011  99.99          
 926  13.590   0.687   0.148  0.000  0.002  0.004  99.99          
 927  16.539   1.405   1.132  0.005  0.011  0.099  99.99          
 928  15.000   1.135   0.840  0.101  0.000  0.004  99.99          
 929  16.280   0.900   0.430  0.004  0.007  0.032  99.99          
 930  15.506   0.661   0.099  0.002  0.003  0.014  99.99          
 931  13.635   1.039   0.702  0.006  0.009  0.011  99.99          
 932  13.016   0.715   0.161  0.001  0.004  0.004  99.99          
 933  16.610   0.810   0.271  0.016  0.017  0.032  99.99          
 934  14.988   0.645   0.134  0.000  0.003  0.012  99.99          
 935  16.547   0.825   0.316  0.078  0.006  0.003  99.99          
 937  16.552   0.739   0.186  0.035  0.021  0.036  99.99          
 938  14.749   0.714   0.185  0.001  0.013  0.018  99.99          
 939  15.874   0.768  -0.003  0.000  0.002  0.021  99.99          
 940  14.217   1.262   1.134  0.001  0.003  0.001  99.99          
 941  16.995   0.648   0.072  0.013  0.016  0.038  99.99          
 942  16.611   0.988   0.584  0.003  0.009  0.048  99.99          
 943  16.593   0.741   0.105  0.002  0.010  0.033  99.99          
 944  15.351   0.673   0.089  0.005  0.012  0.018  99.99          
 945  15.708   0.729   0.102  0.003  0.007  0.015  99.99          
 946  15.319   1.182   1.032  0.003  0.003  0.037  99.99          
 947  13.493   0.741   0.256  0.012  0.013  0.005  99.99          
 948  15.484   1.162   0.988  0.002  0.002  0.030  99.99          
 949  11.503   0.446   0.088  0.008  0.010  0.007  99.99          
 950  15.957   0.740   0.147  0.010  0.010  0.022  99.99          
 951  16.694   0.646   0.034  0.007  0.011  0.025  99.99          
 952  16.825   0.672   0.079  0.013  0.014  0.032  99.99          
 954  16.507   0.878   0.454  0.005  0.009  0.044  99.99          
 955  16.605   1.330   1.820  0.002  0.012  0.153  99.99          
 956  15.926   0.595   0.064  0.015  0.018  0.019  99.99          
 957  16.894   0.607   0.055  0.001  0.011  0.037  99.99          
 958  16.941   0.848   0.306  0.009  0.006  0.037  99.99          
 959  15.503   1.208   1.121  0.007  0.008  0.038  99.99          
 960  15.678   0.737   0.171  0.003  0.006  0.018  99.99          
 961  15.969   1.253   1.250  0.015  0.004  0.046  99.99          
 962  16.514   1.243   1.331  0.111  0.011  0.086  99.99          
 963  15.490   0.864   0.351  0.003  0.003  0.019  99.99          
 964  16.485   0.788   0.307  0.005  0.008  0.039  99.99          
 965  16.241   0.895   0.407  0.002  0.003  0.026  99.99          
 966  12.053   0.658   0.120  0.025  0.025  0.022  99.99          
 967  14.297   0.826   0.298  0.006  0.007  0.009  99.99          
 968  11.761   1.238   1.148  0.010  0.014  0.014  99.99          
 969  15.091   0.831   0.398  0.007  0.007  0.018  99.99          
 970  16.509   0.602   0.069  0.018  0.018  0.025  99.99          
 971  16.871   0.723   0.029  0.003  0.026  0.040  99.99          
 972  15.816   0.930   0.559  0.002  0.002  0.029  99.99          
 973  15.306   0.616   0.040  0.017  0.003  0.000  99.99          
 974  16.394   0.736   0.108  0.002  0.005  0.023  99.99          
 975  16.104   0.932   0.564  0.007  0.008  0.033  99.99          
 976  15.905   1.020   0.746  0.002  0.009  0.038  99.99          
 977  14.016   0.621   0.097  0.005  0.002  0.003  99.99          
 978  16.526   1.133   0.950  0.064  0.008  0.024  99.99          
 979  16.151   1.010   0.782  0.010  0.003  0.063  99.99          
 980  14.701   0.986   0.724  0.009  0.003  0.013  99.99          
 981  15.628   0.615   0.069  0.007  0.006  0.013  99.99          
 982  14.658   0.900   0.570  0.003  0.003  0.012  99.99          
 983  15.924   0.858   0.453  0.015  0.018  0.030  99.99          
 984  16.424   0.992   0.706  0.011  0.024  0.050  99.99          
 985  16.264   0.534   0.063  0.009  0.020  0.030  99.99          
 986  15.504   1.060   0.796  0.004  0.006  0.034  99.99          
 987  13.636   0.784   0.232  0.003  0.004  0.006  99.99          
 988  12.897   0.633   0.087  0.003  0.006  0.006  99.99          
 989  16.887   0.822   0.342  0.019  0.001  0.012  99.99          
 990  14.450   0.756   0.328  0.001  0.002  0.009  99.99          
 991  16.669   0.794   0.468  0.010  0.010  0.035  99.99          
 992  15.874   0.986   0.859  0.005  0.005  0.034  99.99          
 994  16.894   1.450   1.227  0.003  0.016  0.152  99.99          
 995  16.499   1.450   1.238  0.098  0.003  0.085  99.99          
 996  13.576   0.677   0.160  0.006  0.003  0.001  99.99          
 997  14.234   1.075   0.717  0.002  0.002  0.012  99.99          
 998  12.078   0.678   0.178  0.005  0.010  0.008  99.99          
 999  15.904   0.642   0.060  0.002  0.004  0.017  99.99          
1000  14.005   0.800   0.382  0.004  0.004  0.008  99.99          
1001  13.789   0.791   0.291  0.008  0.003  0.002  99.99          
1002  16.490   0.549   0.055  0.001  0.003  0.036  99.99          
1003  16.010   1.108   1.065  0.008  0.010  0.044  99.99          
1004  13.481   0.731   0.270  0.000  0.005  0.005  99.99          
1005  14.465   0.635   0.090  0.002  0.011  0.015  99.99          
1006  10.832   0.265   0.190  0.009  0.012  0.009   0.99          
1007  15.812   0.771   0.136  0.000  0.008  0.017  99.99          
1008  15.383   0.906   0.382  0.017  0.002  0.021  99.99          
1009  16.876   0.791   0.154  0.004  0.026  0.046  99.99          
1010  11.962   0.524   0.030  0.008  0.010  0.006  99.99          
1011  16.469   0.865   0.272  0.054  0.059  0.044  99.99          
1012  15.015   0.651   0.121  0.003  0.003  0.010  99.99          
1013  14.558   0.693   0.135  0.007  0.007  0.007  99.99          
1014  16.868   0.689   0.130  0.006  0.012  0.034  99.99          
1016  12.677   0.572   0.037  0.183  0.010  0.010  99.99          
1017  14.660   0.950   0.585  0.144  0.007  0.008  99.99          
1018  12.199   0.617   0.066  0.238  0.008  0.004  99.99          
1019  16.827   1.104   0.780  0.008  0.013  0.094  99.99          
1020  16.116   0.838   0.413  0.004  0.001  0.001  99.99          
1021  15.951   1.111   1.058  0.001  0.002  0.047  99.99          
1022  15.377   0.609   0.055  0.009  0.009  0.010  99.99          
1023  14.454   0.784   0.299  0.129  0.003  0.004  99.99          
1024  11.810   0.489  -0.001  0.017  0.031  0.031  99.99          
1026  15.859   0.567   0.017  0.004  0.006  0.012  99.99          
1027  16.088   0.755   0.149  0.006  0.006  0.018  99.99          
1028  15.020   0.571   0.032  0.001  0.006  0.011  99.99          
1029  15.699   0.987   0.777  0.009  0.015  0.033  99.99          
1030  16.542   1.477  99.999  0.008  0.016 99.999  99.99          
1031  15.820   0.555   0.115  0.162  0.015  0.021  99.99          
1032  14.029   0.560   0.022  0.000  0.001  0.008  99.99          
1033  16.669   1.139   1.016  0.005  0.003  0.037  99.99          
1034  13.220   0.689   0.157  0.001  0.003  0.008  99.99          
1035  13.821   0.771   0.062  0.002  0.003  0.010  99.99          
1036  15.051   1.033   0.787  0.033  0.005  0.013  99.99          
1037  15.972   0.641   0.083  0.008  0.014  0.025  99.99          
1038  14.412   0.519   0.014  0.001  0.006  0.007  99.99          
1039  14.613   0.740   0.267  0.009  0.001  0.001  99.99          
1041  13.086   1.323   1.374  0.007  0.008  0.011  99.99          
1042  14.184   0.969   0.810  0.001  0.006  0.015  99.99          
1043  16.672   0.704   0.083  0.020  0.021  0.029  99.99          
1044  16.317   1.024   0.809  0.005  0.010  0.057  99.99          
1045  15.826   0.831   0.345  0.002  0.004  0.026  99.99          
1046  14.324   0.516   0.075  0.012  0.013  0.008  99.99          
1047  14.634   0.694   0.137  0.008  0.009  0.014  99.99          
1048  16.405   0.793   0.303  0.008  0.002  0.035  99.99          
1049  16.920   1.049   0.621  0.001  0.011  0.057  99.99          
1050  16.290   0.682   0.086  0.006  0.015  0.025  99.99          
1051  13.945   0.835   0.318  0.005  0.006  0.010  99.99          
1052  15.730   1.201   1.041  0.001  0.006  0.061  99.99          
1053  16.949   0.714   0.180  0.001  0.008  0.027  99.99          
1054  14.311   0.916   0.552  0.003  0.005  0.010  99.99          
1055  13.753   0.732   0.202  0.011  0.011  0.005  99.99          
1056  15.052   0.737   0.167  0.001  0.002  0.008  99.99          
1057  15.844   1.235   1.140  0.009  0.009  0.049  99.99          
1058  16.786   0.587   0.116  0.005  0.021  0.034  99.99          
1059  12.910   0.812   0.294  0.011  0.012  0.007  99.99          
1060  16.352   0.907   0.546  0.004  0.009  0.038  99.99          
1061  14.595   0.943   0.505  0.002  0.003  0.010  99.99          
1062  15.227   0.903   0.592  0.010  0.010  0.044  99.99          
1063  16.893   0.869   0.381  0.024  0.026  0.045  99.99          
1064  16.315   0.794   0.284  0.007  0.009  0.034  99.99          
1065  15.113   0.680   0.107  0.004  0.009  0.012  99.99          
1066  15.165   0.795   0.278  0.001  0.002  0.010  99.99          
1067  14.818   1.013   0.605  0.002  0.002  0.016  99.99          
1068  15.379   0.738   0.244  0.091  0.092  0.024  99.99          
1069  16.742   0.770   0.243  0.051  0.057  0.040  99.99          
1070  16.531   0.824   0.264  0.014  0.017  0.039  99.99          
1071  15.369   0.689   0.133  0.011  0.013  0.014  99.99          
1072  16.306   0.635   0.044  0.008  0.013  0.023  99.99          
1073  15.162   1.040   0.798  0.022  0.031  0.028  99.99          
1074  16.318   1.325   1.286  0.018  0.021  0.065  99.99          
1075  14.288   0.658   0.134  0.003  0.004  0.008  99.99          
1076  15.456   0.584   0.072  0.005  0.005  0.016  99.99          
1077  14.228   1.386   1.644  0.004  0.009  0.027  99.99          
1078  15.174   0.571   0.091  0.000  0.001  0.009  99.99          
1079  14.941   0.688   0.151  0.000  0.010  0.014  99.99          
1081  15.881   0.671   0.124  0.001  0.004  0.016  99.99          
1082  16.067   0.799   0.251  0.001  0.003  0.018  99.99          
1083  16.398   0.813   0.217  0.012  0.014  0.031  99.99          
1084  16.999   0.727   0.089  0.005  0.026  0.044  99.99          
1085  16.807   0.678   0.063  0.016  0.016  0.029  99.99          
1086  16.376   0.998   0.616  0.004  0.006  0.046  99.99          
1087  15.462   1.082   0.830  0.002  0.002  0.030  99.99          
1088  12.481   0.696   0.170  0.003  0.003  0.005  99.99          
1089  13.400   0.620   0.025  0.004  0.004  0.003  99.99          
1090  16.983   1.008   0.788  0.001  0.011  0.091  99.99          
1091  16.464   0.777   0.176  0.005  0.015  0.032  99.99          
1092  14.338   1.115   0.942  0.005  0.008  0.016  99.99          
1093  15.480   0.714   0.098  0.004  0.004  0.010  99.99          
1094  14.627   0.994   0.671  0.007  0.008  0.018  99.99          
1095  14.652   0.970   0.645  0.008  0.010  0.017  99.99          
1096  13.730   0.562   0.017  0.001  0.005  0.013  99.99          
1097  15.944   0.975   0.682  0.001  0.005  0.026  99.99          
1098  15.869   0.751   0.228  0.006  0.007  0.015  99.99          
1099  12.613   0.610   0.058  0.007  0.010  0.007  99.99          
1100  16.186   0.790   0.271  0.000  0.026  0.033  99.99          
1101  15.632   1.399   1.228  0.001  0.005  0.043  99.99          
1102  14.586   0.973   0.661  0.002  0.005  0.014  99.99          
1103  15.442   0.858   0.482  0.003  0.006  0.020  99.99          
1104  16.075   0.717   0.155  0.010  0.012  0.017  99.99          
1105  16.966   0.651   0.015  0.005  0.013  0.030  99.99          
1107  15.161   0.920   0.559  0.000  0.002  0.018  99.99          
1108  13.406   0.743   0.226  0.036  0.049  0.041  99.99          
1109  11.829   0.569   0.073  0.020  0.024  0.015   0.99          
1110  16.093   0.740   0.180  0.004  0.009  0.021  99.99          
1111  16.041   0.791   0.186  0.012  0.012  0.022  99.99          
1112  16.176   0.848   0.441  0.001  0.002  0.028  99.99          
1113  16.650   0.901   0.323  0.005  0.019  0.036  99.99          
1114  15.684   0.840   0.372  0.000  0.004  0.022  99.99          
1115  16.404   1.004   0.592  0.004  0.015  0.041  99.99          
1116  15.388   1.074   0.717  0.000  0.017  0.026  99.99          
1117  14.356   0.924   0.520  0.003  0.003  0.011  99.99          
1118  16.077   0.987   0.637  0.008  0.021  0.039  99.99          
1119  16.962   0.930   0.536  0.002  0.010  0.056  99.99          
1120  13.619   0.701   0.147  0.002  0.003  0.002  99.99          
1121  15.875   0.795   0.260  0.001  0.005  0.021  99.99          
1122  15.959   0.882   0.382  0.010  0.026  0.031  99.99          
1123  12.923   0.686   0.143  0.002  0.004  0.011  99.99          
1124  11.765   0.484   0.066  0.004  0.011  0.010  99.99          
1125  16.997   0.627  -0.016  0.004  0.019  0.040  99.99          
1128  16.005   0.746   0.184  0.005  0.009  0.024  99.99          
1129  16.306   1.371   1.249  0.003  0.019  0.081  99.99          
1130  14.762   0.719   0.122  0.010  0.012  0.012  99.99          
1131  16.383   0.719   0.162  0.008  0.010  0.019  99.99          
1132  16.293   0.957   0.323  0.006  0.007  0.038  99.99          
1133  12.050   0.528   0.026  0.015  0.015  0.011  99.99          
1134  16.979   0.775   0.224  0.007  0.013  0.053  99.99          
1135  14.557   0.854   0.291  0.005  0.006  0.012  99.99          
1136  16.157   1.008   0.733  0.002  0.007  0.038  99.99          
1137  15.057   1.065   0.881  0.000  0.009  0.023  99.99          
1138  16.451   0.878   0.458  0.009  0.009  0.033  99.99          
1139  16.695   1.251   1.183  0.000  0.009  0.093  99.99          
1140  15.772   1.072   0.684  0.000  0.017  0.032  99.99          
1141  14.461   1.073   0.766  0.009  0.013  0.016  99.99          
1142  14.561   0.941   0.634  0.003  0.004  0.012  99.99          
1143  15.418   1.015   0.723  0.001  0.005  0.027  99.99          
1144  13.209   0.943  99.999  0.042  0.064 99.999  99.99          
1146  16.333   1.127   0.970  0.003  0.014  0.058  99.99          
1147  16.983   1.456   1.321  0.001  0.020  0.149  99.99          
1148  16.028   0.690   0.125  0.003  0.003  0.020  99.99          
1149  16.352   0.766   0.146  0.006  0.008  0.022  99.99          
1150  13.353   0.710   0.171  0.002  0.004  0.003  99.99          
1151  16.402   0.699   0.082  0.010  0.013  0.024  99.99          
1152  16.909   0.687   0.043  0.022  0.024  0.033  99.99          
1153  16.194   1.136   1.161  0.003  0.018  0.065  99.99          
1154  15.305   0.765   0.219  0.001  0.010  0.019  99.99          
1155  16.963   1.482   1.114  0.007  0.016  0.096  99.99          
1156  14.081   0.483   0.069  0.008  0.008  0.024  99.99          
1157  15.548   1.193   0.906  0.004  0.006  0.030  99.99          
1158  11.592   0.696   0.179  0.017  0.020  0.010  99.99          
1159  15.310   0.637   0.083  0.001  0.011  0.018  99.99          
1160  15.922   1.250   1.244  0.004  0.013  0.068  99.99          
1161  14.671   0.561   0.093  0.009  0.010  0.012  99.99          
1162  15.128   0.609   0.039  0.003  0.005  0.010  99.99          
1163  12.421   0.590   0.060  0.002  0.009  0.009  99.99          
1164  16.046   0.730   0.108  0.001  0.007  0.016  99.99          
1165  16.993   0.847   0.461  0.011  0.016  0.050  99.99          
1166  16.119   0.617   0.119  0.006  0.009  0.025  99.99          
1167  16.295   1.285   0.905  0.000  0.010  0.064  99.99          
1168  16.185   0.763   0.221  0.009  0.010  0.023  99.99          
1169  13.661   0.857   0.544  0.003  0.017  0.021  99.99          
1170  12.144   1.437   1.615  0.013  0.014  0.008  99.99          
1171  16.343   0.762   0.225  0.008  0.014  0.029  99.99          
1172  15.385   0.856   0.441  0.003  0.008  0.021  99.99          
1173  16.277   1.276   1.027  0.016  0.017  0.078  99.99          
1174  16.973   0.643   0.105  0.006  0.015  0.036  99.99          
1175  16.819   0.888   0.443  0.004  0.024  0.045  99.99          
1176  15.205   1.105   0.894  0.003  0.005  0.024  99.99          
1177  16.724   0.769   0.144  0.006  0.009  0.032  99.99          
1178  16.830   0.723   0.115  0.016  0.017  0.026  99.99          
1179  13.809   0.659   0.137  0.004  0.005  0.003  99.99          
1180  14.667   0.569   0.012  0.004  0.006  0.011  99.99          
1181  13.566   0.917   0.498  0.003  0.003  0.008  99.99          
1182  14.425   0.822   0.306  0.000  0.005  0.010  99.99          
1183  11.087   0.337   0.109  0.016  0.018  0.012  99.99          
1184  15.211   0.615   0.077  0.011  0.011  0.011  99.99          
1185  15.401   0.823   0.404  0.003  0.013  0.020  99.99          
1186  16.437   0.792   0.279  0.001  0.011  0.029  99.99          
1187  16.013   0.894   0.457  0.002  0.005  0.023  99.99          
1188  12.869   0.660   0.126  0.001  0.007  0.011  99.99          
1189  10.657   1.648   1.995  0.009  0.010  0.009  99.99          
1190  14.465   0.999   0.602  0.005  0.009  0.017  99.99          
1191  16.467   0.780   0.205  0.003  0.011  0.034  99.99          
1192  16.317   0.778   0.320  0.007  0.011  0.026  99.99          
1193  16.839   1.416   1.135  0.010  0.017  0.102  99.99          
1194  16.304   0.706   0.201  0.006  0.006  0.019  99.99          
1195  16.136   0.730   0.273  0.009  0.011  0.016  99.99          
1196  16.344   0.668   0.157  0.011  0.016  0.024  99.99          
1197  14.089   0.566   0.074  0.000  0.005  0.009  99.99          
1198  16.619   0.681   0.091  0.001  0.002  0.028  99.99          
1199  12.957   0.512   0.130  0.010  0.011  0.009  99.99          
1200  15.983   0.955   0.672  0.011  0.015  0.031  99.99          
1201  16.941   0.735   0.231  0.034  0.036  0.034  99.99          
1202  10.752   0.272   0.170  0.017  0.019  0.009  99.99          
1203  14.526   1.212   1.260  0.011  0.017  0.025  99.99          
1204  16.659   0.832   0.399  0.019  0.019  0.035  99.99          
1205  15.674   0.724   0.144  0.005  0.005  0.015  99.99          
1206  16.954   0.880   0.632  0.000  0.010  0.052  99.99          
1207  16.120   0.759   0.275  0.010  0.019  0.030  99.99          
1208  16.983   0.518  -0.001  0.007  0.012  0.037  99.99          
1209  15.369   0.722   0.219  0.010  0.010  0.015  99.99          
1210  14.441   1.253   1.276  0.003  0.006  0.018  99.99          
1211  12.313   0.661   0.128  0.003  0.004  0.018  99.99          
1213  14.993   1.020   0.755  0.004  0.012  0.021  99.99          
1214  11.489   1.046   0.793  0.016  0.016  0.004  99.99          
1215  16.844   0.592   0.090  0.020  0.022  0.031  99.99          
1216  16.100   1.101   1.037  0.006  0.007  0.040  99.99          
1217  16.366   0.771   0.250  0.027  0.028  0.026  99.99          
1218  16.066   0.791   0.322  0.008  0.008  0.022  99.99          
1219  16.544   1.064   0.780  0.015  0.018  0.050  99.99          
1220  16.165   1.348   1.272  0.000  0.005  0.075  99.99          
1221  16.862   0.925   0.555  0.014  0.029  0.060  99.99          
1222  14.974   1.017   0.698  0.008  0.013  0.020  99.99          
1223  16.919   1.276   1.469  0.025  0.029  0.130  99.99          
1224  16.200   0.823   0.404  0.016  0.026  0.035  99.99          
1225  16.563   1.208  99.999  0.017  0.056 99.999  99.99          
1226  16.309   0.687  -0.084  0.013  0.095  0.099  99.99          
1227  16.352   0.937   0.556  0.006  0.012  0.036  99.99          
1228  16.492   0.890   0.514  0.004  0.005  0.038  99.99          
1229  16.869   0.743   0.065  0.003  0.006  0.044  99.99          
1230  15.705   0.911   0.571  0.016  0.017  0.027  99.99          
1231  14.926   0.914   0.637  0.003  0.003  0.022  99.99          
1232  16.848   0.843   0.291  0.015  0.019  0.040  99.99          
1233  14.359   0.737   0.213  0.007  0.013  0.015  99.99          
1234  16.620   1.015   0.767  0.010  0.016  0.054  99.99          
1235  15.002   0.922   0.547  0.001  0.002  0.017  99.99          
1236  15.179   0.812   0.291  0.003  0.003  0.012  99.99          
1237  12.629   1.108   0.855  0.001  0.007  0.009  99.99          
1238  14.808   0.791   0.377  0.005  0.005  0.013  99.99          
1239  15.803   0.844   0.314  0.006  0.006  0.015  99.99          
1240  14.122   0.857   0.464  0.006  0.006  0.014  99.99          
1241  13.851   0.812   0.351  0.014  0.014  0.006  99.99          
1242  15.481   0.782   0.332  0.008  0.008  0.017  99.99          
1243  14.620   0.791   0.375  0.002  0.006  0.012  99.99          
1244  16.536   0.756   0.263  0.019  0.020  0.031  99.99          
1245  16.197   0.671   0.127  0.017  0.017  0.022  99.99          
1246  14.539   0.855   0.498  0.000  0.012  0.017  99.99          
1247  16.189   1.062   0.723  0.005  0.006  0.042  99.99          
1248  13.168   0.824   0.434  0.005  0.006  0.003  99.99          
1249  15.422   0.653   0.094  0.010  0.010  0.011  99.99          
1250  16.397   0.835   0.450  0.005  0.026  0.041  99.99          
1251  13.328   0.711   0.198  0.001  0.003  0.006  99.99          
1252  15.693   0.702   0.118  0.006  0.007  0.015  99.99          
1253  16.063   1.389   1.237  0.003  0.011  0.069  99.99          
1254  16.788   0.804   0.178  0.024  0.025  0.038  99.99          
1255  16.849   0.911   0.519  0.008  0.014  0.055  99.99          
1256  15.951   1.099   0.927  0.002  0.023  0.048  99.99          
1257  16.719   0.870   0.380  0.003  0.006  0.040  99.99          
1258  13.519   0.654  -0.052  0.039  0.121  0.116  99.99          
1259  15.114   0.767   0.201  0.010  0.010  0.016  99.99          
1260  16.710   0.674   0.074  0.004  0.024  0.034  99.99          
1261  11.380   0.356   0.064  0.021  0.030  0.021  99.99          
1262  14.698   0.909   0.539  0.003  0.005  0.015  99.99          
1263  16.414   0.742   0.245  0.009  0.009  0.047  99.99          
1264  15.638   0.668   0.169  0.011  0.012  0.018  99.99          
