sma T_flux_e intens intens_err ellipticity ellipticity_err pa pa_err grad grad_error grad_rerror x0 x0_err y0 y0_err ndata nflag niter stop_code
1.0613816156961158 279911.46875 91965.61811795976 39.84763020273983 0.16822468590840325 0.029758716271082085 96.99042101650288 5.722104492405593 -3726.652916675914 608.0279621191576 0.16315658466565866 1123.7545727538015 0.016358575003653453 1060.060075914209 0.018977265992787935 13 0 10 0
1.1675197772657273 372348.34375 91560.80161743346 46.357945076018055 0.16131597624860974 0.030147087223488644 98.17697783134098 6.018003895386546 -3925.549690280716 738.0254062108222 0.1880056207257043 1123.7724970250015 0.01822957504562777 1060.0562824544959 0.02087877150359209 13 0 10 0
1.2842717549923002 372348.34375 91059.23008110328 56.685472595408804 0.15078392564383192 0.028513946868567747 101.72643844931036 6.0553264983054955 -4669.66207728049 673.5172693057618 0.14423255005595687 1123.7974233588388 0.01901860496544322 1060.0438038768787 0.021477037574372432 13 0 10 0
1.4126989304915303 555167.5 90353.72866739666 54.77764695716961 0.12579734133181905 0.02235264197238994 105.30174246530667 5.61524971883975 -5389.211134666534 563.6843653602276 0.10459496784868616 1123.820018344036 0.016426479463389505 1060.040773265773 0.01796505715709471 13 0 10 0
1.5539688235406834 646192.125 89600.0994206725 47.899911284871344 0.12387082403758339 0.01703139938915831 100.96546732278327 4.34491536290374 -5636.899146606727 396.07246201729714 0.0702642448828844 1123.824176274037 0.013688071962745416 1060.048520146827 0.015034484115411462 13 0 10 0
1.7093657058947518 825280.6875 88744.96883090828 35.473479027148066 0.12696847543654663 0.011620586263696423 99.58284960838792 2.858270158683624 -5615.734837338533 295.71508121598373 0.05265830559694518 1123.8181204305577 0.01015135365304414 1060.048430918547 0.011195572841006186 13 0 10 0
1.880302276484227 825280.6875 87814.08742668736 36.91893991018695 0.13056458053157183 0.010291603097019663 98.59006016631326 2.5143592463267397 -5893.604295820997 282.5012076990228 0.047933521410546194 1123.8115146546909 0.010034939337144005 1060.0479343027807 0.011122970598225687 13 0 10 0
2.0683325041326497 999926.1875 86722.97596068752 40.46113478542053 0.1309539209767008 0.008259503289260417 99.77490881544408 1.9909860554294996 -7320.304297057865 359.2027641801261 0.049069376026416665 1123.809121708926 0.008830236540450637 1060.042041804607 0.009792163691139336 13 0 10 0
2.275165754545915 1259913.0 85124.88933847201 26.529144028123905 0.12272377004222862 0.005093992391016119 102.91882009235884 1.3201856453204568 -6944.22058449665 234.1888661469921 0.03372428385553182 1123.7921650750159 0.006138346310751191 1060.041060938559 0.006488817636727605 14 0 10 0
2.5026823300005065 1683650.75 83506.651468952 27.07408459269941 0.11971603706917311 0.004335472532943897 107.53878385974701 1.1223245842726448 -7532.525323948598 219.51838606897599 0.029142734558229542 1123.8006741307752 0.005640794465129773 1060.0406222203756 0.006029007305608239 15 0 10 0
2.752950563000557 1848677.125 81748.30436242884 27.367221136550047 0.1325268671689614 0.00373438382411193 104.36063541574417 0.8450041623717655 -7722.657808124702 188.46264563115474 0.02440385814231995 1123.8110924738205 0.005487116159053336 1060.049908904151 0.0057789648114608475 17 0 10 0
3.0282456193006126 2010649.375 79655.86047370621 19.532894317158 0.1346779660636341 0.0024041010839153283 104.38372614213814 0.5557016595522395 -7705.681802633332 121.80884907022516 0.015807666627059312 1123.8001004815467 0.0037710326710905942 1060.0245404408313 0.004106163013228199 18 0 10 0
3.331070181230674 2642057.0 77311.58410137681 23.015437350605378 0.13479244388602865 0.002375540735513652 106.06657643376543 0.5554853519572989 -8138.217432451625 133.0899586396409 0.016353699043347845 1123.792320919266 0.0041518943856667795 1060.0290630500979 0.004463121388184669 20 0 10 0
3.6641771993537415 3098960.25 74612.56590560428 18.251489583812038 0.1374545889062658 0.0016490196945876852 107.551165208855 0.37899157063261146 -8298.603540089744 100.8053334209571 0.012147264649284228 1123.804228153023 0.003179281398118185 1060.0289235889934 0.003413783000646945 22 0 10 0
4.030594919289116 3466042.75 71686.85214583915 19.80371102347123 0.14363237829324826 0.0016478492231729585 107.77132033215723 0.3620994753084171 -8048.589101491787 80.27541701762289 0.009973849578523524 1123.8003731524577 0.0034788377366167266 1060.015865550505 0.003751276468896534 24 0 10 0
4.433654411218027 4379216.0 68486.02394932348 20.503685791274243 0.14589969485165732 0.0014958368190776633 108.38035076206405 0.3219297704462702 -8237.610441300885 80.08777629366062 0.009722209718988987 1123.7995828411838 0.003473307919137447 1060.0125740894455 0.0037878393776311766 26 0 10 0
4.8770198523398305 4780996.0 64997.97393032373 16.952220127515677 0.15252452623558635 0.0011573497800778378 108.08914579783479 0.2413605599267839 -7840.704153671181 63.76324107190554 0.008132336053267648 1123.7977557746494 0.0029821133114742563 1060.002730018841 0.003228645222058221 29 0 10 0
5.364721837573813 5795833.0 61259.73572518739 13.840591014290839 0.15610674425577117 0.00089002111526574 108.7011309818588 0.1791585066307119 -7548.036462201131 70.84014938980377 0.009385242075148325 1123.79223799291 0.002472684760030684 1059.9899940261714 0.0026926494221707065 31 0 10 0
5.901194021331195 6626476.5 57413.908800391466 15.266743139323582 0.16346673544729107 0.0009317990298184043 108.2307940847097 0.17890519710560326 -7106.9756610568875 44.35029621277977 0.006240389488851067 1123.7997751198595 0.002862233831273598 1059.9689038617635 0.0031529901618741144 34 0 10 0
6.491313423464314 7786657.0 53319.78333853173 14.173529673571766 0.1670827127287544 0.000836685422801051 108.7290168933597 0.15976459406265708 -6549.200576044827 46.93926749616184 0.007167175130939302 1123.8025387937369 0.002867407491037949 1059.9606640917011 0.003151207824728519 38 0 10 0
7.140444765810746 8707814.0 49252.614123026506 12.015621583846553 0.17394925338874737 0.0007007644046070951 108.83017497685995 0.12754238458954667 -5972.623538793176 36.3119950129604 0.006079739460742503 1123.7995192670596 0.002621359391735583 1059.9506988647772 0.002919596019698358 41 0 10 0
7.8544892423918204 9992536.0 45154.87092315354 12.254815175452205 0.17960864354167858 0.0007171826022654719 109.19964603763144 0.12683444561671744 -5338.214149588496 33.791103585067276 0.006330038967745816 1123.7965703894577 0.002958488678121974 1059.9452013939983 0.0032869885274672546 45 0 10 0
8.639938166631003 11416366.0 41159.379971371665 11.820517072935374 0.18643583941639635 0.0007022930170216987 109.32590031598257 0.11957764475633588 -4726.853822757095 29.831906355977928 0.006311154834607827 1123.7950734875997 0.0031830045743341732 1059.931218108216 0.003586065019592919 49 0 10 0
9.503931983294104 13018850.0 37258.6116771225 14.127085306861858 0.19301490805722635 0.0008675672910018501 109.36143666590135 0.14372750265115755 -4094.346779689088 27.34231783294725 0.0066780659539111 1123.796958957693 0.004351747020845898 1059.9132850329565 0.004899894213142284 54 0 10 0
10.454325181623515 14668492.0 33546.2592678703 14.25870186759449 0.19981324291930944 0.000916444947968094 109.6890941715863 0.14715354856605634 -3513.6490396701724 22.948233708020656 0.0065311684374074015 1123.7891019930134 0.0050626407079318765 1059.9118295781402 0.005733322982238809 59 0 10 0
11.499757699785867 16370594.0 30005.83481677415 15.033281629823163 0.20534821045582566 0.0010161846094157926 109.92059389891067 0.15992187172350456 -2999.1380508740294 19.141996094881613 0.006382499161485121 1123.7859255930673 0.006208844187596268 1059.9005111380277 0.007026867243145142 65 0 10 0
12.649733469764454 18309916.0 26644.909195759144 14.178832460237796 0.20908228762808062 0.001035197089965645 110.05626732585738 0.15968673308445008 -2508.6337692166435 16.072809637087737 0.006406997240616234 1123.784806388357 0.006929323431043924 1059.8863946164684 0.0078016104076769005 71 0 10 0
13.9147068167409 20254920.0 23555.672632463426 13.356873617866459 0.21310922211315933 0.0010587060693817438 110.22904459499811 0.16089782711460993 -2080.314735804868 13.506661244106764 0.006492604706220606 1123.7853698980161 0.007837311706074856 1059.8784357320433 0.008924033182478789 78 0 10 0
15.30617749841499 22415208.0 20720.524070964755 12.345568041928349 0.2160782106135382 0.0010871180682055302 110.4409408608275 0.16212823676680396 -1696.405247719493 11.647962723642124 0.006866261902514556 1123.795189568435 0.008814948157037273 1059.85726270805 0.010099377048853947 85 0 10 0
16.83679524825649 24647684.0 18180.223272655803 12.15009326686322 0.21926309592673304 0.0011710771027892994 110.78734116376472 0.17352526064480317 -1395.1444888939434 11.03571282768136 0.007910085955634862 1123.8060732526378 0.010519351415250854 1059.8510412177138 0.012001132984841976 94 0 10 0
18.52047477308214 27175668.0 15839.599038195152 13.853649715978184 0.21981589415307343 0.001497156133236915 111.01717336264942 0.2207458541669107 -1129.0578719210046 10.017024072407246 0.008872020045672287 1123.8198701104452 0.014771142958794246 1059.8500809303105 0.016895620686583006 103 0 10 0
20.372522250390354 29727240.0 13730.352595863224 12.044066013137716 0.2184783040754645 0.0014833634030085253 111.14529284861055 0.21906019745287114 -901.860613853865 7.646399381737067 0.008478471356080385 1123.8312263906953 0.01604330008921182 1059.8543220470096 0.01835555143848959 113 0 10 0
22.40977447542939 32561864.0 11847.754878792495 8.759788407127656 0.21462697229311037 0.0012335379336469625 110.92767297048543 0.1856315331893963 -717.6908928548482 4.8226833003834395 0.006719722025731235 1123.8336764642952 0.01469223412819679 1059.9040738239369 0.016745654002777163 125 0 10 0
24.65075192297233 35556448.0 10193.425946312953 5.364856950341711 0.21015634516099221 0.0008859417721155517 111.13167047062801 0.13587732712160383 -558.2644637965996 3.306944668916444 0.005923616642956 1123.8106422932906 0.01160045979439788 1059.8846603126233 0.013162006998949136 138 0 10 0
27.115827115269564 38509728.0 8840.085302275296 4.701595938665553 0.21231989954919567 0.0009096156172282118 111.90620680087889 0.13780172429101653 -431.9090570676517 2.6049385413123294 0.006031219995704575 1123.728456116488 0.013100383970790861 1059.8500072489967 0.014876509191058148 151 0 10 0
29.827409826796522 41510424.0 7714.194013956207 4.095825485152617 0.21809178113425146 0.0009147728100447544 112.26342269468036 0.13575891017088215 -336.73917200826565 1.9359405140858645 0.0057490802229517406 1123.6510967911793 0.014566092262612322 1059.8231407907272 0.016544537741773054 166 0 10 0
32.81015080947618 44679844.0 6752.801593518536 3.4369775487261696 0.22460364686395806 0.0008808090326378979 112.35331619839398 0.12691275672141955 -264.73666351837676 1.5262541533809275 0.005765178623530482 1123.68399084688 0.015416684994790111 1059.8198115433643 0.01763047339290539 181 0 10 0
36.091165890423795 48057256.0 5897.371308286171 3.6575326927119503 0.2268028206718563 0.0010611644948360117 112.4703219447547 0.15180179921823575 -211.60858212873185 1.3771171624656802 0.006507851187377232 1123.6834655032771 0.02046953435743172 1059.8140115789631 0.023412465686929756 199 0 10 0
39.700282479466175 51778528.0 5127.787001947001 3.2973938749750413 0.22566618168756555 0.0010810360111412115 112.37280156306703 0.15583582538850116 -170.00740920674392 1.1359605315088042 0.006681829555601171 1123.6965772471294 0.0229902215345703 1059.819402938373 0.026219889773766623 220 0 10 0
43.6703107274128 55705632.0 4428.032116958845 2.667693652072441 0.2201645063933129 0.0009883043455258351 111.9758669856337 0.14557185834651146 -137.59715682025316 0.9445671288345456 0.00686472853555004 1123.7298153962638 0.023052358881674128 1059.774752008954 0.026232608097383276 243 0 10 0
48.03734180015408 59928840.0 3804.450895068008 2.9033178373553827 0.21420402140544575 0.0011977812648808462 112.43003148007828 0.1805655960448975 -113.09278305593715 0.8737918139741452 0.00772632691815495 1123.757805818248 0.030683021575236658 1059.757398030614 0.0347389779663972 268 0 10 0
52.84107598016949 64363504.0 3233.195534146368 2.543954544024165 0.20635818430452404 0.00122270272287017 113.2931827024053 0.19026723527053016 -89.07956518035988 0.714700723719103 0.008023172567940185 1123.8563529242515 0.03440669517780319 1059.7456511019384 0.038637267380166096 296 0 10 0
58.125183578186444 68937048.0 2741.958706336823 2.575119329609926 0.1994936794717874 0.0013877237452906144 113.75269599138308 0.22307439817807834 -72.6965501917871 0.5522970805377827 0.0075972942193366765 1123.9269423836056 0.04298702624490352 1059.7151083820452 0.04789012134668011 328 0 10 0
63.93770193600509 73652832.0 2300.792222331419 1.6786513993243928 0.19215886995332138 0.0010919207060412208 114.78296086569863 0.18118076502768235 -55.25005475605619 0.3455334259770427 0.006253992462137195 1123.9509716352927 0.03713331758694319 1059.7932851129563 0.04098719019885731 362 0 10 0
70.3314721296056 78472096.0 1933.289232958019 1.2850432142593964 0.1856902848883085 0.0010163536590428362 114.63830140747015 0.17394175799601655 -41.603723404754675 0.2531219744536114 0.006084118288909771 1123.9302138788464 0.03794671565520349 1059.9760930191046 0.0417986562164334 400 0 10 0
77.36461934256616 83244896.0 1635.553159049902 1.1375257015223295 0.1831160371346803 0.0010443339215156803 114.78972087355031 0.18121170107467938 -32.64956344953414 0.18845127895280972 0.005771938704298315 1124.0907291747108 0.04291497031616977 1060.0719487719755 0.04710337553002059 440 1 10 0
85.10108127682278 88249528.0 1377.3428862129836 0.9360892258514759 0.17882254237024645 0.001022675940929526 115.24650573957773 0.1812322972033403 -25.059940343544255 0.14601306409190754 0.005826552740757911 1124.2986047665133 0.04618066497841061 1060.0811695085242 0.05051987467892796 485 1 10 0
93.61118940450507 93147640.0 1162.7905353317585 0.8237885485556935 0.17780320980863282 0.0009968334362936509 115.02263885818851 0.18493776085371125 -20.21397732483019 0.13057139555829647 0.006459460870073641 1124.4452115439915 0.0502324502411389 1060.0382074628765 0.055587426679136506 507 28 10 0
102.97230834495558 97880272.0 970.0530115336404 0.8817864469249835 0.17378998915508326 0.0012815189114538895 115.54723611592405 0.25384864935135254 -15.171402612956815 0.11496773509569119 0.007577923942082022 1124.4235064565082 0.07194581430782797 1059.693958759386 0.08029781682153128 518 72 10 0
113.26953917945114 102323184.0 818.5225276746708 0.7509829254547911 0.17866410692995258 0.0012880678290727921 114.80054042480486 0.2519881911975177 -11.503680609162759 0.09289676019233449 0.008075394593130619 1124.3900607696894 0.08031391452521047 1059.2355907733233 0.08964110045677379 580 67 10 0
124.59649309739626 106591792.0 700.3035532427532 0.5979416397504685 0.19363197475739335 0.0013633312554616988 114.53585482077538 0.24224923047385774 -7.786796784176628 0.07722639957403389 0.009917608191723186 1123.8325554327657 0.09341496664612856 1058.6719963452501 0.10424126379080347 653 52 10 0
137.0561424071359 110998000.0 616.259131028626 0.6088240587339692 0.21429499939726426 0.0015536441105038074 114.53585482077538 0.24169242017916007 -6.275389667176132 0.06308601671425537 0.010052924210305415 1123.324243465077 0.11602096511700813 1058.6656695137324 0.12990207853037947 736 28 10 0
150.7617566478495 115816640.0 536.8187581426921 0.5588411573030085 0.2275780130263646 0.0015603233926134957 114.76488292989681 0.2424170835433826 -5.078570945887657 0.05362919984973019 0.010559899708235074 1123.2100190792307 0.1321064107966964 1059.3511322396444 0.15197704587094377 741 92 10 0
165.83793231263445 120566704.0 463.5499104055909 0.6149145067262834 0.23041321405815518 0.002029694926114486 115.59947087773678 0.3215886860764514 -3.9934052924375263 0.047687598821390724 0.011941587524737013 1123.5126940568096 0.1900123461846727 1058.898008106938 0.2299687636447582 740 175 10 0
182.4217255438979 125175448.0 400.521471274501 0.5072307878644378 0.23549214269371382 0.0019969465413039833 115.96965010489347 0.2960031062834485 -3.145702490874174 0.03911668825886572 0.012434961148533596 1123.902306553451 0.20283044027404853 1058.7168545526545 0.24581893420482268 789 214 10 0
200.66389809828772 130179536.0 341.89090015088465 0.4678142079077303 0.23145292954422714 0.002046449604826024 117.11928012432938 0.27101762796466505 -2.6497277527144716 0.03051773570096615 0.011517309908424644 1124.5582783747398 0.21339848900123348 1059.555606705241 0.2509626841398278 930 176 20 0
220.7302879081165 136265232.0 286.9463648061091 0.3752491985715204 0.22621111631116014 0.0019364653218674653 117.11928012432938 0.2618592811844967 -1.9866541744126203 0.024647863971308578 0.012406720952626812 1125.0708564638771 0.2232200041986414 1060.7031338670486 0.25538171155644296 1147 74 10 0
242.80331669892817 142498608.0 242.31147266381768 0.3890283286757632 0.22382492748552402 0.0020340232149429803 117.6735379380698 0.2946243323090144 -1.7342879576933337 0.021953915425346474 0.012658748697388169 1127.0120560106427 0.2675214205885029 1060.8643888849974 0.29878766928842937 1267 78 10 0
267.083648368821 148962352.0 199.92846420929604 0.35521788320633696 0.22382492748552402 0.002244823840987088 116.39723095034626 0.32149759876308037 -1.3057484672931976 0.01930022745645062 0.01478096887715272 1128.4287379329307 0.31850045859010023 1061.607329081871 0.3676129947610183 1358 122 50 2
293.79201320570314 155124320.0 164.3651692184295 0.35408168979198107 0.2210838503373477 0.002421893731999073 116.90707368054278 0.40010184054489617 -1.0579126034569308 0.017771943658748835 0.01679906601043945 1128.1585043836435 0.4061793052376611 1061.4691772850513 0.468676924451871 1386 245 10 0
323.1712145262735 159871408.0 137.1592795037447 0.3705484694960785 0.23788324973438443 0.002739727003665689 116.90707368054278 0.47980371628069984 -0.8385766148279186 0.015371239671270317 0.018330155407952315 1130.3502058123672 0.5434918086422893 1063.6004979787297 0.6323347690945222 1380 393 10 0
355.48833597890086 163916944.0 117.231214182129 0.35114065872761013 0.26680435741154995 0.002772643231958778 117.34758737408957 0.44738104856445693 -0.6876230005336309 0.014623497869382104 0.021266737526280412 1135.6282694766628 0.6142406901234077 1054.658964579707 0.7522766085730795 1382 528 10 0
391.037169576791 168553488.0 92.77914098248202 0.3827073506926191 0.26680435741154995 0.004448973853849055 117.34758737408957 0.5609841391013487 -0.48926012486355364 0.013183205752512403 0.02694518740146456 1135.6282694766628 0.9514602674878997 1054.658964579707 1.1857713666349807 1391 710 1 1
430.1408865344701 172533664.0 73.5437874140994 0.3416157088685466 0.26680435741154995 0.005491955523723442 117.34758737408957 0.6546769404254661 -0.30972158805390765 0.011290278047154908 0.0364529903068617 1135.6282694766628 1.2591496286612462 1054.658964579707 1.5074500956287495 1518 793 0 4
473.15497518791716 176671168.0 60.16238228313749 0.34284147155863676 0.26680435741154995 0.0048021753507422014 117.34758737408957 0.5208583677646658 -0.3369247923801592 0.009527566487757077 0.028278021395964612 1135.6282694766628 1.1535306549280107 1054.658964579707 1.3968297480113339 1660 882 0 4
520.470472706709 180030912.0 44.211674916511924 0.2927286847428822 0.26680435741154995 0.008385891565276736 117.34758737408957 0.8940247781934938 -0.15654003350839527 0.00832548033489975 0.053184352579388285 1135.6282694766628 2.158918781529697 1054.658964579707 2.648838975744952 1562 1234 0 4
572.51751997738 183379568.0 35.98089704989219 0.31732844747465183 0.26680435741154995 0.008653023285212107 117.34758737408957 1.0864382348371235 -0.13033065381076672 0.007538860523858536 0.057844108837239214 1135.6282694766628 2.70671998271516 1054.658964579707 3.1905775781015873 2106 970 0 4
629.769271975118 187326944.0 28.50726201368905 0.2929594531890251 0.26680435741154995 0.00610094985419756 117.34758737408957 0.7512757415287372 -0.15652299488070598 0.0062265490428827265 0.039780410843967634 1135.6282694766628 2.112140662765206 1054.658964579707 2.4095146270427774 2769 614 0 4
692.7461991726299 191492352.0 18.671490305080347 0.26137197122890793 0.26680435741154995 0.0076430681048768575 117.34758737408957 0.9140320521415485 -0.10196723954774886 0.005147990635664664 0.05048671179584087 1135.6282694766628 2.8999183936120017 1054.658964579707 3.1867024305047624 3211 511 0 4
762.0208190898929 194909200.0 11.661590446072154 0.24422922166926722 0.26680435741154995 0.008472460928250613 117.34758737408957 0.9884053458762367 -0.07900734696651414 0.004305074646163332 0.05448954826932692 1135.6282694766628 3.489582210238313 1054.658964579707 3.829094979449838 3348 746 0 4
838.2229009988823 197449408.0 5.702292028385417 0.2211374785599776 0.26680435741154995 0.021814788944708778 117.34758737408957 2.537836225391002 -0.025346126221616905 0.003990563318467626 0.15744273044234278 1135.6282694766628 9.830608923250873 1054.658964579707 10.90130082716823 3642 861 0 4
922.0451910987706 199051344.0 3.6071542654645263 0.251368151840547 0.26680435741154995 0.01999428642055427 117.34758737408957 2.222740996520745 -0.028008426862430918 0.0036287477401451555 0.12955914153866935 1135.6282694766628 9.62090883035422 1054.658964579707 10.762605310244526 4100 853 0 4
