6.570729897026866828e-01
7.021012410685910643e-01
7.320014455374869167e-01
7.705550172427649835e-01
7.977690243822408434e-01
8.052487454718073590e-01
8.362901297368550146e-01
8.609828179870656628e-01
8.724698011668962083e-01
9.022235080331874046e-01
8.537603536875904009e-01
8.753283464261619740e-01
8.824517148004407119e-01
2.002436572125453756e-02
6.693240166041529958e-03
3.107749892444673298e-02
4.646661969458572988e-02
4.207984759361647897e-02
5.739826177648963551e-02
8.989275203988961183e-02
1.304131925632683875e-01
1.198185720890680428e-01
1.451639325565320382e-01
1.346373984045918237e-01
1.805937058497611991e-01
1.888498117058461934e-01
2.011770791632928601e-01
1.991272624443008454e-01
2.175078236994316405e-01
2.337186810859867014e-01
2.618018466336720085e-01
2.518136886316213463e-01
2.478055284178835305e-01
3.110584679154635435e-01
3.381507793988551835e-01
3.323746567205090319e-01
3.894239259687136689e-01
4.118059043663944152e-01
4.666904515973891998e-01
4.810720111881649497e-01
5.183232808770922295e-01
4.935692424893179941e-01
5.358103308354315031e-01
5.923880808236465789e-01
6.041699394686123048e-01
5.974467515138255358e-01
6.241915252524018465e-01
6.291624410717900906e-01
6.700569143128451977e-01
6.587012169985919652e-01
6.781234192473392097e-01
7.444353058825066149e-01
7.490744344498505569e-01
7.100205156953882657e-01
7.992677254994736691e-01
7.781597753373328263e-01
8.289536891670042928e-01
8.333596071517280768e-01
8.566533312996419403e-01
8.552075086262812542e-01
8.781816308973212637e-01
9.147999783043562205e-01
8.920213573273234192e-03
4.427424373563419030e-02
2.445172812471844981e-02
4.865697733027549848e-02
5.303164506249424814e-02
4.427424373563419030e-02
5.957855563298863899e-02
1.155670438037101067e-01
9.848239777820923246e-02
1.639899635157483493e-01
1.743816348813369832e-01
1.681523755908939655e-01
1.991272624443008454e-01
2.011770791632928601e-01
2.032250088004834698e-01
4.612699882940230478e-01
4.953479929724859399e-01
5.042172124855041071e-01
5.112832388357227975e-01
5.514115582881677913e-01
6.877543180324838801e-01
7.163297296127408842e-01
7.413354245215704186e-01
7.257500748410092850e-01
7.644459451161771391e-01
7.796765289256333276e-01
8.348255432220071937e-01
8.951914021099011132e-01
8.810296642621814334e-01
8.681720980773941498e-01
8.909565679405674343e-01
9.036260473066058951e-01
2.256281831272467231e-01
2.875568115288752447e-01
2.776875330434083189e-01
3.032534257672858113e-01
3.130052396456510233e-01
3.188348081291048075e-01
3.343018045537859972e-01
3.762530758410647658e-01
3.572896607795544299e-01
4.006458369347470350e-01
4.080927323161394060e-01
3.950426332682699937e-01
4.412663239642276025e-01
4.576480164262875516e-01
4.900068228793761360e-01
4.882231507305913043e-01
4.935692424893179941e-01
5.427601779777040392e-01
5.514115582881677913e-01
5.651711638726266695e-01
5.668839969098373732e-01
5.720130407193020350e-01
6.192068552917189272e-01
6.308163630983040226e-01
6.797322673069744470e-01
6.877543180324838801e-01
7.351185048967353586e-01
7.194756307671376083e-01
7.366748827096851748e-01
7.781597753373328263e-01
7.751220739972384255e-01
7.781597753373328263e-01
7.977690243822408434e-01
8.082310025139539666e-01
8.230601625043142411e-01
8.465045520076129870e-01
8.681720980773941498e-01
8.479583867100037864e-01
8.392152590687814717e-01
8.738997320008528025e-01
8.810296642621814334e-01
8.909565679405674343e-01
-2.921870490367927189e-02
-3.827968659041797173e-02
-2.244484190826994546e-02
-2.470071690681414911e-02
-2.244484190826994546e-02
5.739826177648963551e-02
2.666235289007857362e-02
7.261823217960587662e-02
5.303164506249424814e-02
9.633795219070766247e-02
7.911109771024496529e-02
1.091750490686794750e-01
1.155670438037101067e-01
1.367465851383194153e-01
1.535503263744903146e-01
1.764542326729042765e-01
1.888498117058461934e-01
2.195407190896407346e-01
2.134364115077984347e-01
2.518136886316213463e-01
2.637939645027396751e-01
2.757082175186569839e-01
3.071595411951000831e-01
3.130052396456510233e-01
3.246482911526903936e-01
3.534759735479713894e-01
3.648959923441568720e-01
3.875475708727916802e-01
4.006458369347470350e-01
4.025101336357462811e-01
4.006458369347470350e-01
4.666904515973891998e-01
4.522025334011011699e-01
4.774865496115047736e-01
4.702957820160313385e-01
5.514115582881677913e-01
5.548609703111855307e-01
5.668839969098373732e-01
6.058468698424156473e-01
6.075222564173216044e-01
6.258500235538058121e-01
6.700569143128451977e-01
7.115999989685666272e-01
6.668198966229273994e-01
6.521793002221528690e-01
6.668198966229273994e-01
7.459831065551562057e-01
7.475294823070071093e-01
8.022609898463487488e-01
7.962689422743954859e-01
7.857295927423105786e-01
7.947674779034092918e-01
8.126941003646431794e-01
8.537603536875904009e-01
8.362901297368550146e-01
8.609828179870656628e-01
8.141790613074439964e-01
8.753283464261619740e-01
8.909565679405674343e-01
7.842184168000211342e-01
7.811918861753922583e-01
8.052487454718073590e-01
8.097200722293365072e-01
8.392152590687814717e-01
8.318923202824640706e-01
8.494108829976043662e-01
8.421350050730996850e-01
8.838724561847319805e-01
8.810296642621814334e-01
9.008196763782898575e-01
8.980081311594472204e-01
9.036260473066058951e-01
1.027653681764263277e-01
1.430625020576055673e-01
1.282981698722593100e-01
1.577319512708307003e-01
1.639899635157483493e-01
1.598198769278854625e-01
1.929664723998267273e-01
1.909090899489260806e-01
2.337186810859867014e-01
2.175078236994316405e-01
2.296771579175638511e-01
2.397670240395273211e-01
2.538150016989825786e-01
2.973807447986566155e-01
2.973807447986566155e-01
3.285150320584277472e-01
3.091099023162728887e-01
3.323746567205090319e-01
3.496552547705917280e-01
3.894239259687136689e-01
4.118059043663944152e-01
4.136599269975419491e-01
4.321065363519565605e-01
4.284307939111356989e-01
-6.107872607776398260e-02
-4.509736338172570108e-02
2.233135271164755822e-03
2.002436572125453756e-02
1.336801175308192230e-02
2.223906636078177429e-02
-2.235193012238578542e-03
-6.711759846178791400e-03
1.114513680648180315e-02
1.780762432739457779e-02
4.427424373563419030e-02
7.257500748410092850e-01
7.273150773245009582e-01
7.475294823070071093e-01
7.629151571797173625e-01
7.796765289256333276e-01
8.007650468974504276e-01
8.230601625043142411e-01
7.932646299955902203e-01
7.917603972760638431e-01
8.696059854198585626e-01
8.435928624241618712e-01
8.595409847552316629e-01
8.609828179870656628e-01
2.887094253213507225e-02
-2.235193012238578542e-03
3.548451944543719316e-02
3.548451944543719316e-02
3.149502191582824184e-01
2.993401083777318394e-01
3.168934081032942496e-01
3.629970357797413505e-01
3.591938716105576579e-01
3.667932007101400438e-01
4.449184442484093727e-01
4.684939469646610122e-01
4.756913405527574690e-01
4.430932250380312243e-01
4.792801059828127874e-01
5.634567525311612313e-01
5.974467515138255358e-01
5.957620807811021546e-01
6.241915252524018465e-01
5.991298713217960703e-01
6.374168390434532538e-01
6.241915252524018465e-01
6.651991503519009141e-01
7.257500748410092850e-01
7.036880149053067468e-01
7.115999989685666272e-01
7.444353058825066149e-01
7.720787718475360384e-01
7.210464095666829776e-01
-6.107872607776398260e-02
-4.737411173463484948e-02
-3.374502301195861365e-02
-4.737411173463484948e-02
-4.509736338172570108e-02
-5.193390415973091201e-02
-8.953137465364548880e-03
2.233135271164755822e-03
-2.244484190826994546e-02
1.558884029873913030e-02
1.558884029873913030e-02
4.207984759361647897e-02
1.049038966203975354e-01
7.694880227714018250e-02
1.304131925632683875e-01
1.070404563136646003e-01
1.388538301336189607e-01
1.409591351780672686e-01
1.556421016773056609e-01
1.619058804196684687e-01
1.514566235879199751e-01
1.970755569046399314e-01
1.970755569046399314e-01
2.073152137769297965e-01
1.785249224101901899e-01
1.785249224101901899e-01
2.276536028332370176e-01
2.697593210798787666e-01
2.796650263904634781e-01
2.954195757477110496e-01
3.629970357797413505e-01
3.343018045537859972e-01
3.515664939122294941e-01
3.969120883346836104e-01
3.875475708727916802e-01
3.912985536733415426e-01
4.503840261752681817e-01
4.173628533357572334e-01
4.648852943843108099e-01
8.304236813695076158e-01
8.624233238527885259e-01
8.881268374604551763e-01
8.937810906624983343e-01
5.112832388357227975e-01
5.358103308354315031e-01
5.165657011641024976e-01
5.235863177001280899e-01
5.617407614311055175e-01
5.754245383404233971e-01
-4.472445661677790923e-03
-1.793932034263638967e-02
-1.119658042060853870e-02
-3.374502301195861365e-02
-6.107872607776398260e-02
6.693240166041529958e-03
7.478451437891574238e-02
7.911109771024496529e-02
7.261823217960587662e-02
8.558604755326158775e-02
3.107749892444673298e-02
8.127140251251756264e-02
9.419153058597524997e-02
1.619058804196684687e-01
1.535503263744903146e-01
1.514566235879199751e-01
1.619058804196684687e-01
1.430625020576055673e-01
1.888498117058461934e-01
2.236008970814180041e-01
2.337186810859867014e-01
2.558144723374932150e-01
2.598078931110173184e-01
2.973807447986566155e-01
2.816406992373411411e-01
2.737270781371456962e-01
3.168934081032942496e-01
3.572896607795544299e-01
3.610963294059980067e-01
7.659753237939309622e-01
7.506179642942775176e-01
7.521600731496733694e-01
7.781597753373328263e-01
7.613829586859760523e-01
7.962689422743954859e-01
8.450493776571431637e-01
8.580978229341711394e-01
8.681720980773941498e-01
8.141790613074439964e-01
7.932646299955902203e-01
8.523118652559392716e-01
8.609828179870656628e-01
8.362901297368550146e-01
8.796063033636208894e-01
8.824517148004407119e-01
9.064272534670149151e-01
8.450493776571431637e-01
9.008196763782898575e-01
8.595409847552316629e-01
8.667368894675091529e-01
2.666235289007857362e-02
3.768498731260411239e-02
2.666235289007857362e-02
5.084531850078432419e-02
2.002436572125453756e-02
6.175684228913036478e-02
6.393312359275574175e-02
8.127140251251756264e-02
7.261823217960587662e-02
7.911109771024496529e-02
1.091750490686794750e-01
7.694880227714018250e-02
1.472634284574905195e-01
1.514566235879199751e-01
1.743816348813369832e-01
2.052710530931424471e-01
2.011770791632928601e-01
2.073152137769297965e-01
2.437899780957307194e-01
2.637939645027396751e-01
2.518136886316213463e-01
2.637939645027396751e-01
2.895252191193106173e-01
3.149502191582824184e-01
3.265825519554928502e-01
3.285150320584277472e-01
3.439109640897155540e-01
3.800248447197694945e-01
3.553836952976394126e-01
3.819081253127322162e-01
3.969120883346836104e-01
4.576480164262875516e-01
4.394377394772306933e-01
4.522025334011011699e-01
4.558345269860906712e-01
4.576480164262875516e-01
2.195407190896407346e-01
2.538150016989825786e-01
2.457986778713730225e-01
2.816406992373411411e-01
2.757082175186569839e-01
3.304457331008249232e-01
4.192117601840276153e-01
4.080927323161394060e-01
4.846508741799069875e-01
4.558345269860906712e-01
4.738944772836846120e-01
4.953479929724859399e-01
5.270869385309603361e-01
4.989005828398265785e-01
5.340688647101055064e-01
5.754245383404233971e-01
5.771279320184060646e-01
6.142083931330915014e-01
5.600231891167750664e-01
6.108684038540819206e-01
6.716731884777161765e-01
6.619531760832965128e-01
6.765130887012751337e-01
6.423512624097835744e-01
7.210464095666829776e-01
7.413354245215704186e-01
7.320014455374869167e-01
7.226157422915360229e-01
7.675032945103591464e-01
7.583143248263841674e-01
8.245355803464901046e-01
8.037555556151858571e-01
8.508620421025747671e-01
8.681720980773941498e-01
8.980081311594472204e-01
8.796063033636208894e-01
9.036260473066058951e-01
8.566533312996419403e-01
2.445172812471844981e-02
8.774039145185864863e-02
1.027653681764263277e-01
1.113076766962287079e-01
8.127140251251756264e-02
1.514566235879199751e-01
1.155670438037101067e-01
2.113978912525842913e-01
1.867886359237014016e-01
2.093574925859183200e-01
2.256281831272467231e-01
2.776875330434083189e-01
2.457986778713730225e-01
2.855865901328863976e-01
2.717441132182727981e-01
3.188348081291048075e-01
3.285150320584277472e-01
3.227122480091760837e-01
3.477422545017435640e-01
4.006458369347470350e-01
3.819081253127322162e-01
4.062335797471374188e-01
4.155122427968861998e-01
4.265903820181857209e-01
4.612699882940230478e-01
4.953479929724859399e-01
4.756913405527574690e-01
4.971251059201470257e-01
5.288348322874542040e-01
5.340688647101055064e-01
5.617407614311055175e-01
6.108684038540819206e-01
6.651991503519009141e-01
6.603279453321412307e-01
6.587012169985919652e-01
6.684391508187014219e-01
6.554432620631938100e-01
7.084395769942075649e-01
7.428860789760507455e-01
7.552400331248598775e-01
7.335606929465019466e-01
7.552400331248598775e-01
7.932646299955902203e-01
7.751220739972384255e-01
7.872393774808952305e-01
7.811918861753922583e-01
8.126941003646431794e-01
8.274823424279591499e-01
8.595409847552316629e-01
8.710385527112768367e-01
8.781816308973212637e-01
8.767556456547253019e-01
8.966004152104605218e-01
8.558604755326158775e-02
1.346373984045918237e-01
1.049038966203975354e-01
1.409591351780672686e-01
1.785249224101901899e-01
1.702307081009533929e-01
1.991272624443008454e-01
1.826605847465775645e-01
2.113978912525842913e-01
2.397670240395273211e-01
2.518136886316213463e-01
2.357366525985257477e-01
3.227122480091760837e-01
3.323746567205090319e-01
3.439109640897155540e-01
3.400726096757435424e-01
3.705823792829675001e-01
3.800248447197694945e-01
3.856694867938529336e-01
4.062335797471374188e-01
4.394377394772306933e-01
4.357755140574448016e-01
4.503840261752681817e-01
4.738944772836846120e-01
5.235863177001280899e-01
5.410251158468420973e-01
5.514115582881677913e-01
5.754245383404233971e-01
5.890078600007134790e-01
6.208699425302127706e-01
6.456333115014251112e-01
6.341196407015213810e-01
6.684391508187014219e-01
6.973321412922574014e-01
6.893542997902386560e-01
7.273150773245009582e-01
7.335606929465019466e-01
7.335606929465019466e-01
7.675032945103591464e-01
7.475294823070071093e-01
8.796063033636208894e-01
8.824517148004407119e-01
8.852918896202777166e-01
8.895423542699885111e-01
9.022235080331874046e-01
9.175806202693500557e-01
9.613812861471318083e-01
1.336801175308192230e-02
-1.344209061502342484e-02
-6.711759846178791400e-03
-3.601131065638640133e-02
3.328202393884795857e-02
4.646661969458572988e-02
5.084531850078432419e-02
8.558604755326158775e-02
8.342971851655657523e-02
8.774039145185864863e-02
1.723071272772922768e-01
1.805937058497611991e-01
1.888498117058461934e-01
1.681523755908939655e-01
1.929664723998267273e-01
1.764542326729042765e-01
2.417794273869655897e-01
2.518136886316213463e-01
2.657842484081449630e-01
2.558144723374932150e-01
2.737270781371456962e-01
3.091099023162728887e-01
2.657842484081449630e-01
3.400726096757435424e-01
3.819081253127322162e-01
3.743645843557203423e-01
3.875475708727916802e-01
4.155122427968861998e-01
4.192117601840276153e-01
4.702957820160313385e-01
4.630784737941007201e-01
4.935692424893179941e-01
4.935692424893179941e-01
5.253374341632227607e-01
5.392884549285484885e-01
5.496844680436696606e-01
5.856214068424874242e-01
6.024914638733652739e-01
6.423512624097835744e-01
6.192068552917189272e-01
6.700569143128451977e-01
6.861528619582245581e-01
7.036880149053067468e-01
7.210464095666829776e-01
7.397833412036457501e-01
7.613829586859760523e-01
7.736011236685539361e-01
7.947674779034092918e-01
8.126941003646431794e-01
8.552075086262812542e-01
8.274823424279591499e-01
8.260096399042208271e-01
8.710385527112768367e-01
8.171448832418364283e-01
8.696059854198585626e-01
8.838724561847319805e-01
9.369023525414323927e-01
9.505518465040185827e-01
7.932646299955902203e-01
7.977690243822408434e-01
9.396423179045124696e-01
9.573295942900821309e-01
9.640762011537699072e-01
9.707918101746281225e-01
9.721312247823442609e-01
9.960309272514711321e-01
2.093574925859183200e-01
2.256281831272467231e-01
2.855865901328863976e-01
2.697593210798787666e-01
2.757082175186569839e-01
5.788297575351082358e-01
5.531370585560925202e-01
6.075222564173216044e-01
5.991298713217960703e-01
5.957620807811021546e-01
6.538120326976066821e-01
5.974467515138255358e-01
6.058468698424156473e-01
6.716731884777161765e-01
6.989233056099921626e-01
7.131780281536274080e-01
7.335606929465019466e-01
7.413354245215704186e-01
7.902547784687813381e-01
3.107749892444673298e-02
3.768498731260411239e-02
4.646661969458572988e-02
1.091750490686794750e-01
1.155670438037101067e-01
1.660721279840528530e-01
1.888498117058461934e-01
1.826605847465775645e-01
1.176937868968869899e-01
1.909090899489260806e-01
1.639899635157483493e-01
1.598198769278854625e-01
1.867886359237014016e-01
2.052710530931424471e-01
3.343018045537859972e-01
2.598078931110173184e-01
2.134364115077984347e-01
2.598078931110173184e-01
1.805937058497611991e-01
3.439109640897155540e-01
3.285150320584277472e-01
4.284307939111356989e-01
4.485638432708263235e-01
4.828622667476353270e-01
5.235863177001280899e-01
5.200792425445984746e-01
5.427601779777040392e-01
5.890078600007134790e-01
6.241915252524018465e-01
6.125391675544833436e-01
6.291624410717900906e-01
5.974467515138255358e-01
5.754245383404233971e-01
6.192068552917189272e-01
6.505450632517761900e-01
6.893542997902386560e-01
6.893542997902386560e-01
6.909528085887625126e-01
7.257500748410092850e-01
7.766416241238196516e-01
8.377533679386889309e-01
8.037555556151858571e-01
8.937810906624983343e-01
8.304236813695076158e-01
7.962689422743954859e-01
1.702307081009533929e-01
2.498105314376848352e-01
2.796650263904634781e-01
3.032534257672858113e-01
2.357366525985257477e-01
3.265825519554928502e-01
3.012976681470753149e-01
3.285150320584277472e-01
3.052073828974432024e-01
3.032534257672858113e-01
3.837896721387190069e-01
4.006458369347470350e-01
5.006744252376713611e-01
4.720959582800073329e-01
5.651711638726266695e-01
4.774865496115047736e-01
4.828622667476353270e-01
5.006744252376713611e-01
5.375501937496036664e-01
5.218335876562034681e-01
5.805300163341980957e-01
5.514115582881677913e-01
6.008114416328144136e-01
5.805300163341980957e-01
4.207984759361647897e-02
6.610740139001661242e-02
8.920213573273234192e-03
7.478451437891574238e-02
1.027653681764263277e-01
8.127140251251756264e-02
-1.568966995348799673e-02
4.427424373563419030e-02
-4.472445661677790923e-03
1.049038966203975354e-01
1.367465851383194153e-01
1.346373984045918237e-01
1.219414011827203437e-01
7.044995384154167928e-02
1.367465851383194153e-01
1.282981698722593100e-01
1.764542326729042765e-01
1.619058804196684687e-01
1.660721279840528530e-01
1.639899635157483493e-01
1.702307081009533929e-01
1.929664723998267273e-01
3.091099023162728887e-01
3.743645843557203423e-01
2.836145532600051200e-01
3.227122480091760837e-01
3.381507793988551835e-01
4.666904515973891998e-01
3.856694867938529336e-01
4.118059043663944152e-01
4.025101336357462811e-01
0.000000000000000000e+00
4.207984759361647897e-02
9.419153058597524997e-02
1.304131925632683875e-01
1.006248691676255441e-01
1.070404563136646003e-01
7.044995384154167928e-02
1.346373984045918237e-01
1.535503263744903146e-01
1.556421016773056609e-01
1.681523755908939655e-01
1.681523755908939655e-01
2.195407190896407346e-01
2.195407190896407346e-01
2.175078236994316405e-01
2.737270781371456962e-01
2.256281831272467231e-01
2.377527663462825347e-01
1.743816348813369832e-01
2.895252191193106173e-01
3.032534257672858113e-01
3.362271782354663285e-01
5.923880808236465789e-01
6.158760820059104857e-01
5.668839969098373732e-01
5.358103308354315031e-01
6.521793002221528690e-01
7.131780281536274080e-01
5.617407614311055175e-01
6.781234192473392097e-01
6.472720702796568304e-01
7.459831065551562057e-01
7.521600731496733694e-01
7.428860789760507455e-01
7.583143248263841674e-01
7.490744344498505569e-01
7.842184168000211342e-01
6.700569143128451977e-01
6.716731884777161765e-01
8.724698011668962083e-01
7.351185048967353586e-01
7.827058483720873427e-01
7.872393774808952305e-01
8.082310025139539666e-01
7.932646299955902203e-01
8.097200722293365072e-01
8.810296642621814334e-01
8.421350050730996850e-01
8.523118652559392716e-01
8.667368894675091529e-01
8.909565679405674343e-01
8.552075086262812542e-01
8.852918896202777166e-01
9.217419910037005781e-01
8.966004152104605218e-01
